compute-541-2
	Iozone: Performance Test of File I/O
	        Version $Revision: 3.397 $
		Compiled for 64 bit mode.
		Build: linux-AMD64 

	Contributors:William Norcott, Don Capps, Isom Crawford, Kirby Collins
	             Al Slater, Scott Rhine, Mike Wisner, Ken Goss
	             Steve Landherr, Brad Smith, Mark Kelly, Dr. Alain CYR,
	             Randy Dunlap, Mark Montague, Dan Million, Gavin Brebner,
	             Jean-Marc Zucconi, Jeff Blomberg, Benny Halevy, Dave Boone,
	             Erik Habbinga, Kris Strecker, Walter Wong, Joshua Root,
	             Fabrice Bacchella, Zhenghua Xue, Qin Li, Darren Sawyer.
	             Ben England.

	Run began: Thu Apr 30 15:56:40 2015

	Excel chart generation enabled
	Auto Mode
	Command line used: /opt/iozone/bin/iozone -Ra -b 541.xls -f 541.tmp
	Output is in Kbytes/sec
	Time Resolution = 0.000001 seconds.
	Processor cache size set to 1024 Kbytes.
	Processor cache line size set to 32 bytes.
	File stride size set to 17 * record size.
                                                            random  random    bkwd   record   stride                                   
              KB  reclen   write rewrite    read    reread    read   write    read  rewrite     read   fwrite frewrite   fread  freread
              64       4  361380  725882  2561267  3363612 2467108  955947 1828508  1452528  2662899   942521  1105556 2052169  2203800
              64       8  651849 1087638  3738358  4274062 3057153 1163036 2379626  1638743  3588436  1210227  1183548 3057153  3738358
              64      16  647135 1049372  3791156  4274062 3363612 1232453 2358717  1518251  3738358  1232453  1279447 3363612  3791156
              64      32  712397 1304314  4274062  1933893 3791156 1452528 2772930  1599680  3541098  1232453  1947927 3791156  4274062
              64      64  735831 1188789  5283570  5860307 4018152 1336792 2772930  1392258  4018152  1163036  1385075 3958892  4207076
             128       4  669577 1155043  3124872  3445772 2727923 1048974 2326073  1618028  2132084  1142750  1142750 2985839  3199360
             128       8  739689 1281909  4012317  4267461 3468030 1278855 2985839  1802755  4135958  1319723  1359835 3759450  3895854
             128      16  735635 1183041  3124872  4444086 3759450 1254941 3124872  1911894  4267461  1424795  1487977 3759450  4135958
             128      32  735635 1618028  5122535  6727225 5603747 2202044 4557257  3036502  6045455  2326073  2286447 4934216  6406138
             128      64 1254941 2511022  8036304  8548124 6812590 2969325 6045455  3359523  7582312  2558895  4407601 7476717  7917784
             128     128 1319723 2377579  8036304  5784891 7476717 2905056 5847904  2714132  7582312  2969325  2673584 7582312  7476717
             256       4 1153561 2065659  5022044  5117791 4070199 2065659 3935921  2783115  4054829  2049885  2034350 4553502  4734192
             256       8 1293967 2325094  6249745  6595234 5569035 2350543 5217259  3368013  5569035  2266207  2463808 5971678  5971678
             256      16 1325925 2509882  6936061  7120034 6398720 2754556 5938650  3810220  7518900  2582316  2699161 6554972  7120034
             256      32 1354356 2665657  7735574  8208677 7314033 2911402 6719046  3879045  8024634  2812272  2842047 7314033  7735574
             256      64 1362952 2665657  8271916  8208677 7791708 2943325 7120034  3950402  8815202  3159869  3285566 7965107  7965107
             256     128 1354356 2480886  8271916  8208677 7791708 2849590 7120034  3465855  8024634  2699161  4477549 7735574  8271916
             256     256 1400278 2588541  8271916  8271916 7735574 2943325 7073132  2943325  8024634  2975955  2842047 8271916  8024634
             512       4 1193838 1992458  4973263  4784885 4000485 2032051 3970896  2739816  4000485  2014892  2063289 4701087  4701087
             512       8 1333173 2285029  6086873  6491676 5509113 2337255 5453155  3259661  5439343  2438090  2357784 5951911  5951911
             512      16 1667552 3325278 10434519 1113807110044089 3580298 6395018  3768799  6395018  2587935  2695115 7115451  6909408
             512      32  834037 1451192  4522868  465018811620224 419589611138071  6086873 13872122  3970896  3970896 7988981  8394979
             512      64  873740 1426135  4571003  4340054 4375425 1541840 3849877  2265742  4571003  1594501  1541840 4131319  4571003
             512     128  863551 1442420  4532414  4228947 4331300 1542947 3877684  2032051  4827914  1635797  1711407 4061007  4447925
             512     256  866338 1354190  3905895  4375425 3678421 1541840 3963567  1815584  4131319  1514652  2381315 4195896  4030519
             512     512  872320 2942541  9304292  9510316 9145790 3220553 6652558  2521095  5951911  2124526  2073249 5551840  5744919
            1024       4  738753 1182598  3077052  3345496 2625597 1164956 5885083  3849207  5853003  2454539  2019445 4654248  4654248
            1024       8 1104727 1427940  3966517  5356618 4574926 1965834 3324778  2968586  3618930  1756772  1676539 4415030  5564829
            1024      16 1229309 1712639  5226256  6559147 6059442 2432298 4550690  4014717  5144870  2353657  1920993 4762630  6787181
            1024      32 1286378 1806273  5310258  6874084 6128613 2403712 5169641  4162573  4715569  2132761  1932227 5089995  6874084
            1024      64 1809317 3314514 12639479 1279003711773301 3414650 7811791  3821805 11520658  2803859  2985091 8970167  9064828
            1024     128  851195 1428415 11773301 1190382312037272 433920211645609  5782087 13863422  4044965  2900425 8000971  7927135
            1024     256  867003 3751699 11645609 1190382311645609 2783867 6402699  3229770  6830356  2672984  2333199 5751117  4762630
            1024     512  938625 3055164  7257394  7160597 6128613 2276316 5983467  2632033  5782087  1899750  3160839 5593820  5885083
            1024    1024 1294520 1718120  6874084  6559147 5720477 2369237 5175871  2439205  4995276  2455943  1939207 5601115  7257394
            2048       4 1166349 1470172  3630870  4772701 3657149 1690996 3131805  2955111  3169944  1477760  1513696 3500658  3806235
            2048       8 1255690 1625402  4581773  5848244 5009275 2039974 3710866  3543986  4008732  1797882  1628174 4213218  4948672
            2048      16 1692662 2272586  5080379  6802261 6608629 2670330 7670915  4738475  7940367  2775597  1961707 4178378  4221501
            2048      32  891274 1440344 11706006  7962448 7262337 2659582 5719737  3304067  5820505  1947033  170374111900619 12416686
            2048      64  924165 2258247  6397004  6243566 4697018 158141412416686  4170264  8029434  2519185  2060526 5953632  6378005
            2048     128  920007 3240499  6629029  6523312 6440169 2326756 5119743  3065856  6690992  1865023  1844994 5212953  5800851
            2048     256  903366 2924924  6603549  5611381 5738844 2064488 4741090  3219850  6696208  1790388  1722187 4303993  5626082
            2048     512 1368084 1705432  5800851  6867521 6523312 2195338 4864597  3357009  6543188  2245848  2233004 5131978  6340344
            2048    1024 1334088 1705094  6149699  6483920 6132138 2181401 5376082  2951050  5535444  2228370  2719361 6780783  9653719
            2048    2048 1791508 2285282  7183386  7582884 6962145 2285282 7419150  3855782  7477273  3871422  253180811440955  8531869
            4096       4  746632 2204297  9019223  7085049 5165626 2327326 4708354  2670249  3961410  1808253  1741531 4140919  3935097
            4096       8  873724 2111377  5689064  5369035 4675041 1793342 8324363  3456849  8002526  3009363  1823802 4869845  4964124
            4096      16  876532 2872500  6727163  6861502 6370451 2505520 5013377  2392470  3972402  1417386  1562117 4654774  5190597
            4096      32 1328189 1704554  4928521  5231694 5244471 1765513 4617244  4275933  4929936  1844955  1754156 4858827  5087609
            4096      64 1402689 1622762  5030994  5649775 6140479 1902362 4725189  4176149  4813898  1813215  1768421 7261741  9846293
            4096     128  953652 4219226 12334720  8638284 8377131 3091124 5664678  2474841  4505833  1463884  2451183 9482180  8393502
            4096     256  955456 3867766  5627567  4302706 4352854 1622915 6512939  2921346 10160758  3158176  2078175 4971306  4977067
            4096     512  913637 2594046  6049663  6103394 5988509 2074912 4851966  3150647  6391782  1823609  1682848 5580043  5587302
            4096    1024 1788674 1696642  5713661  6186918 5689064 2040896 4801789  3382659  7123239  2047951  1887523 5312585  5549401
            4096    2048 1304885 1618329  6638778  7001316 7515892 2508447 6204794  3555579  6953144  2473772  3438858 7274040  7715028
            4096    4096  930714 2622558  5936773  5971855 5944991 189962811800935  1974060 10065509  2597184  327684612007129  8256354
            8192       4  948147 1613223  7968758  5591672 4546258 2069140 2775915  2986555  7161552  3236658  1257409 3468296  3170359
            8192       8 1230790 1887088  6109695  6409435 5579867 2517601 5633847  3603989  5591672  2434477  1817128 5000831  6022946
            8192      16 1520422 2165374  5756551  7092077 6605348 2730689 5454094  4194915  6455193  2553714  2091305 5932474  6859866
            8192      32 1559197 3041006  8507400 1170368211538609 404765210103411  6277120 10530733  3636025  377504610625170 12432038
            8192      64  957901 2669172  6050521  6122759 4751854 1760971 6972624  3465148  6287458  2122175  2514469 6022946  6085887
            8192     128  967967 1715944  6989645  7031124 6072979 1824946 6681127  3485889  6127127  1973018  2408031 4553488  4474037
            8192     256 1475755 1783549  4985593  5019093 5148447 2042328 5234728  4135340  4956108  1897090  1873301 5075439  5265210
            8192     512 1969174 2791022 10306460 1169969711788003 435716211378128  5830794 11683783  3778367  394948311523131 11687758
            8192    1024 2253569 4127392 11636301 1199792911956180 450099711800148  6063334 11873547  3808521  386986011620560 11939561
            8192    2048 2262473 3552199 11652086 1188586911922989 441142511703682  5468852 11857157  3649155  383873111589204 11869445
            8192    4096 2236408 3884297 11569692 1182044511667913 440633411523131  5191229 11735662  3154351  433462610514620 11836733
            8192    8192 2284434 3509746 10995799 1114560610995799 399215910012145  4005655 10393756  4108146  382803910199382 10995799
           16384       4 1892587 2699135  7724930  8462150 7265900 2956336 6983824  5204914  7195149  3150707  3033998 7612823  8154866
           16384       8 2034275 3079684  9051796 10214248 9603317 3457269 9157949  6437538  9448826  3498633  3407553 9272875 10039653
           16384      16 2110496 3091877  9454025 1053042010496642 3732967 9910787  6445388 10330950  3623144  3445655 9526105 10475840
           16384      32 2123146 3307350 10033789 1122902911538233 394989310744459  6972486 11466995  3606411  3421125 9764332 11199747
           16384      64 2061122 3187536 10089772 1122169411914318 388337611018377  7120594 11787610  3680190  344997910337166 11221694
           16384     128 1233924 1430677  4278973  4422158 7427682 3250714 4612415  4141522  9508969  2950498  1778003 5394499  4451952
           16384     256  757074 1753056  5356236  5273212 4625454 1884956 4884875  4061481  4758701  1811419  2065272 3984475  6936592
           16384     512 1767439 2554835  4615203  4115479 4246974 1579656 4389953  4578915  4141522  1507012  1790418 4458306  4545899
           16384    1024 1469030 1728452  4739337  4845950 4972175 2044930 5268360  3704193  7373488  1729017  2222147 4148022  4141522
           16384    2048 2063721 1663998  4078596  575886911046716 3685914 6823632  5883111 11703295  3069367  1343730 4088788  4053336
           16384    4096 1356515 1599548  3486739  3729523 3670950 1795094 3107115  2072310  3512043  1631059  1751001 4845950  9121482
           16384    8192 1262441 1612270  4539592  4057644 9325727 3199408 3899020  3721847  6595715  2750010  1787670 3332046  3280822
           16384   16384  750083 1695362  3496497  3581974 3656301  870419 3589083   881145  3415513  1375054  2677993 5345404  5535284
           32768      64 2109972 2607068  8637003  8921823 9333204 2731797 8842040  7384900  9470837  2802371  2584420 8598099  8863137
           32768     128 1873440 1984368  5056843  7675664 7873087 2444280 5058331  5686861  8005621  2341386  1984740 6111166  6128060
           32768     256 1599153 2034390  6071481  6161853 6305173 2202024 7579992  6460477  8560078  2643880  2502538 3568285  7254320
           32768     512 1724090 1953400  6187374  7294749 7425196 2397045 2005886  4078209  5260658  1169028  1152259 5185630  5204482
           32768    1024 2080491 1886891  6949502  9019602 9380982 2976234 5188763  4708134  7863627  2081720  1013294 5240200  5012762
           32768    2048  772833  835618  8157192  8425735 8712560 2731580 8159129  5976176 11740090  2572857  2367318 6541968  8878023
           32768    4096 1427673 2193274  5978516  7714006 7724845 2473800 3902874  2254583  3864139   793702   790811 3987343  4391890
           32768    8192 1753052 2226820  4925278  9014278 8498151 2986777 4150377  3946582  3145645  1528291  1690291 3415412  3444170
           32768   16384 1342560 1882034  5221288  5598372 5501562 2776218 5350566  3162001  4214004  2845715  2452698 4066024  4789346
           65536      64 1544016 2017929  5310028  5261847 5066985 1952218 8413821  6601008  9016882  2603212  2406569 5805872  7796449
           65536     128 1680626 1055263  6178585  3185520 3147728 2134513 6749311  6921992  9126151  2655317  1983649 5102444  4567230
           65536     256 2059075 2325122  2722161  4787828 4731132 1769139 2878549  2534936  2807288   974178  2221418 4619734  7124916
           65536     512  753747 1743122  6855185  8876820 8922635 2791267 6161688  4583222  7298004  2140930  2079921 6115082  7225679
           65536    1024 1520596 2104492  6408186  7371000 7341274 2364646 5033858  3917994  5286438  1620409  2409945 8532127  8728830
           65536    2048 1910442 2227539  1904459  2789115 2849042 1180296 2822653  3364074  5080377  1456709  2061005 6929845  7410345
           65536    4096  920192 1888328  6398192  9138894 9132822 2857839 5575186  4480501  7666845  1972787  1394442 7224920  8773406
           65536    8192 1871065 2150628  1191129  1484055 1401088  774885 7544998  4423611  9517338  2156720  2099702 7380301  7750286
           65536   16384 1904723 1892462  1678902  1706311 3583160 1796883 4857031  3175803  4295450  2404022  1523774 1543947  3535415
          131072      64 1158124 2055870  7356974  7728257 7555035 2217018 5055002  4166685  4902633  1728314  2011232 4128355  5922254
          131072     128 1564255 2239433  2728955  5087373 7236694 2695121 6402872  3728401  4396013  1672475  2479987 8747971  9089606
          131072     256 2042860 2177243  5804021  6808981 6886943 2365021 3110396  4270982  5185651  1791261  2078104 7772289  8079914
          131072     512 2108583 2082125  8436650  8716071 8665923 2834599 5042206  3949372  5093170  1719583  2403012 5651574  7236789
          131072    1024 1688855 2358001  6767157  6867071 7200958 2338393 5351629  3921370  5432594  1620695  1842889 6361161  7994145
          131072    2048 1851298 2489488  2481017  2843704 2827266 1091192 4724335  3332362  2788122   688110  2142296 6365802  8100869
          131072    4096 2176226 2196986  7268075  7369004 7332345 2310288 6707872  4618135  5948656  1887529  1859388 5733383  8192495
          131072    8192 2099500 1873928  6178572  7142486 7070468 2381175 6501922  3751989  6940501  1851404  1731144 7200204  8289966
          131072   16384 2078693  872247  4536470  4559042 4554434 1839141 5034633  3344790  4771779  2151443   966214 3674155  4280060
          262144      64 1093497 1818261  7681221  9343565 9057917 2610477 7098761  5557445  7670397  2185352  2492761 7631744  7820984
          262144     128 1529179 1342421  7450032  7610509 7537416 2334673 7061695  5218033  7392429  2128193  2456532 8463328  8524151
          262144     256 2066336 1781062  6295629  7170612 7105872 2006276 5160722  5014606  8125462  2543406  2095022 7398946  8682881
          262144     512 1247811 2174095  4444485  5690235 7714203 2629116 6487107  4447578  7298169  2062402  2029230 6948607  7321837
          262144    1024 1769066 2234208  6461679  7423424 6636565 2285298 6782846  4939298  6322818  2011584  1974794  112386  6198873
          262144    2048 2058876 2582190  6374763  7157542 8314654 2727715 6590184  4538414  6489520  1461250  1890238 7203922  7795201
          262144    4096 2147383 1647677  6780545  7462319 7431201 2365534 3898924  2332612  3918084  1374828  2238689 8156081  8391309
          262144    8192 1362453 1874627  2769496  3584777 2808510 1726211 6253272  4105630  6963041  1787804  1289107 7005275  7738581
          262144   16384 2052262 2574330  3562269  3510082 3594258 1825603 5080692  3386042  5120084  2041126  1645660 4526903  4303712
          524288      64  762691 2523100  8609716  8663479 8418125 2539382 7164463  5506936  7332501  1810462  1044989 7479904  7408339
          524288     128 1402211 1772218  8639075  8677701 8471701 2683303 8699707  6945684  8638906  2488115  2420459 6937861  7792157
          524288     256 1870341 2583284  5194525  5292044 2496620 2496620 8042456  6532040  8127979  2538640  1971184 7135983  7109383
          524288     512 1858584 2651336  8379344  8422155 8381771 2790904   31272  5602681  8178979  2427912  2055354 1936314  3151619
          524288    1024 2224086 2518535  5622578  5375063 5406422 1947990 8843963  5698105  8390886  2291929  2411617  108369  5057914
          524288    2048 2105439 1956971   110086  2566728 5815863 2102459 6907438  5687288  6985842  1922433   778714   52854  5906862
          524288    4096 1826226 2163226  2061294  2580501 4042405 2723546   31559  2818480  7958340  2067692  1559184 2665082  2755175
          524288    8192 2059342 2419396  7043573  7190796 7335045 2894796  108113  4305033  6764293  1924055  1426064 3627166  4234274
          524288   16384 2024520 1871800  4595959  4042100 3568500 1805954 3884220  2304957  3575096  1862294  1889516 4778202  5080795

iozone test complete.
Excel output is below:

"Writer report"
        "4"  "8"  "16"  "32"  "64"  "128"  "256"  "512"  "1024"  "2048"  "4096"  "8192"  "16384"
"64"   361380  651849  647135  712397  735831 
"128"   669577  739689  735635  735635  1254941  1319723 
"256"   1153561  1293967  1325925  1354356  1362952  1354356  1400278 
"512"   1193838  1333173  1667552  834037  873740  863551  866338  872320 
"1024"   738753  1104727  1229309  1286378  1809317  851195  867003  938625  1294520 
"2048"   1166349  1255690  1692662  891274  924165  920007  903366  1368084  1334088  1791508 
"4096"   746632  873724  876532  1328189  1402689  953652  955456  913637  1788674  1304885  930714 
"8192"   948147  1230790  1520422  1559197  957901  967967  1475755  1969174  2253569  2262473  2236408  2284434 
"16384"   1892587  2034275  2110496  2123146  2061122  1233924  757074  1767439  1469030  2063721  1356515  1262441  750083 
"32768"   0  0  0  0  2109972  1873440  1599153  1724090  2080491  772833  1427673  1753052  1342560 
"65536"   0  0  0  0  1544016  1680626  2059075  753747  1520596  1910442  920192  1871065  1904723 
"131072"   0  0  0  0  1158124  1564255  2042860  2108583  1688855  1851298  2176226  2099500  2078693 
"262144"   0  0  0  0  1093497  1529179  2066336  1247811  1769066  2058876  2147383  1362453  2052262 
"524288"   0  0  0  0  762691  1402211  1870341  1858584  2224086  2105439  1826226  2059342  2024520 

"Re-writer report"
        "4"  "8"  "16"  "32"  "64"  "128"  "256"  "512"  "1024"  "2048"  "4096"  "8192"  "16384"
"64"   725882  1087638  1049372  1304314  1188789 
"128"   1155043  1281909  1183041  1618028  2511022  2377579 
"256"   2065659  2325094  2509882  2665657  2665657  2480886  2588541 
"512"   1992458  2285029  3325278  1451192  1426135  1442420  1354190  2942541 
"1024"   1182598  1427940  1712639  1806273  3314514  1428415  3751699  3055164  1718120 
"2048"   1470172  1625402  2272586  1440344  2258247  3240499  2924924  1705432  1705094  2285282 
"4096"   2204297  2111377  2872500  1704554  1622762  4219226  3867766  2594046  1696642  1618329  2622558 
"8192"   1613223  1887088  2165374  3041006  2669172  1715944  1783549  2791022  4127392  3552199  3884297  3509746 
"16384"   2699135  3079684  3091877  3307350  3187536  1430677  1753056  2554835  1728452  1663998  1599548  1612270  1695362 
"32768"   0  0  0  0  2607068  1984368  2034390  1953400  1886891  835618  2193274  2226820  1882034 
"65536"   0  0  0  0  2017929  1055263  2325122  1743122  2104492  2227539  1888328  2150628  1892462 
"131072"   0  0  0  0  2055870  2239433  2177243  2082125  2358001  2489488  2196986  1873928  872247 
"262144"   0  0  0  0  1818261  1342421  1781062  2174095  2234208  2582190  1647677  1874627  2574330 
"524288"   0  0  0  0  2523100  1772218  2583284  2651336  2518535  1956971  2163226  2419396  1871800 

"Reader report"
        "4"  "8"  "16"  "32"  "64"  "128"  "256"  "512"  "1024"  "2048"  "4096"  "8192"  "16384"
"64"   2561267  3738358  3791156  4274062  5283570 
"128"   3124872  4012317  3124872  5122535  8036304  8036304 
"256"   5022044  6249745  6936061  7735574  8271916  8271916  8271916 
"512"   4973263  6086873  10434519  4522868  4571003  4532414  3905895  9304292 
"1024"   3077052  3966517  5226256  5310258  12639479  11773301  11645609  7257394  6874084 
"2048"   3630870  4581773  5080379  11706006  6397004  6629029  6603549  5800851  6149699  7183386 
"4096"   9019223  5689064  6727163  4928521  5030994  12334720  5627567  6049663  5713661  6638778  5936773 
"8192"   7968758  6109695  5756551  8507400  6050521  6989645  4985593  10306460  11636301  11652086  11569692  10995799 
"16384"   7724930  9051796  9454025  10033789  10089772  4278973  5356236  4615203  4739337  4078596  3486739  4539592  3496497 
"32768"   0  0  0  0  8637003  5056843  6071481  6187374  6949502  8157192  5978516  4925278  5221288 
"65536"   0  0  0  0  5310028  6178585  2722161  6855185  6408186  1904459  6398192  1191129  1678902 
"131072"   0  0  0  0  7356974  2728955  5804021  8436650  6767157  2481017  7268075  6178572  4536470 
"262144"   0  0  0  0  7681221  7450032  6295629  4444485  6461679  6374763  6780545  2769496  3562269 
"524288"   0  0  0  0  8609716  8639075  5194525  8379344  5622578  110086  2061294  7043573  4595959 

"Re-Reader report"
        "4"  "8"  "16"  "32"  "64"  "128"  "256"  "512"  "1024"  "2048"  "4096"  "8192"  "16384"
"64"   3363612  4274062  4274062  1933893  5860307 
"128"   3445772  4267461  4444086  6727225  8548124  5784891 
"256"   5117791  6595234  7120034  8208677  8208677  8208677  8271916 
"512"   4784885  6491676  11138071  4650188  4340054  4228947  4375425  9510316 
"1024"   3345496  5356618  6559147  6874084  12790037  11903823  11903823  7160597  6559147 
"2048"   4772701  5848244  6802261  7962448  6243566  6523312  5611381  6867521  6483920  7582884 
"4096"   7085049  5369035  6861502  5231694  5649775  8638284  4302706  6103394  6186918  7001316  5971855 
"8192"   5591672  6409435  7092077  11703682  6122759  7031124  5019093  11699697  11997929  11885869  11820445  11145606 
"16384"   8462150  10214248  10530420  11229029  11221694  4422158  5273212  4115479  4845950  5758869  3729523  4057644  3581974 
"32768"   0  0  0  0  8921823  7675664  6161853  7294749  9019602  8425735  7714006  9014278  5598372 
"65536"   0  0  0  0  5261847  3185520  4787828  8876820  7371000  2789115  9138894  1484055  1706311 
"131072"   0  0  0  0  7728257  5087373  6808981  8716071  6867071  2843704  7369004  7142486  4559042 
"262144"   0  0  0  0  9343565  7610509  7170612  5690235  7423424  7157542  7462319  3584777  3510082 
"524288"   0  0  0  0  8663479  8677701  5292044  8422155  5375063  2566728  2580501  7190796  4042100 

"Random read report"
        "4"  "8"  "16"  "32"  "64"  "128"  "256"  "512"  "1024"  "2048"  "4096"  "8192"  "16384"
"64"   2467108  3057153  3363612  3791156  4018152 
"128"   2727923  3468030  3759450  5603747  6812590  7476717 
"256"   4070199  5569035  6398720  7314033  7791708  7791708  7735574 
"512"   4000485  5509113  10044089  11620224  4375425  4331300  3678421  9145790 
"1024"   2625597  4574926  6059442  6128613  11773301  12037272  11645609  6128613  5720477 
"2048"   3657149  5009275  6608629  7262337  4697018  6440169  5738844  6523312  6132138  6962145 
"4096"   5165626  4675041  6370451  5244471  6140479  8377131  4352854  5988509  5689064  7515892  5944991 
"8192"   4546258  5579867  6605348  11538609  4751854  6072979  5148447  11788003  11956180  11922989  11667913  10995799 
"16384"   7265900  9603317  10496642  11538233  11914318  7427682  4625454  4246974  4972175  11046716  3670950  9325727  3656301 
"32768"   0  0  0  0  9333204  7873087  6305173  7425196  9380982  8712560  7724845  8498151  5501562 
"65536"   0  0  0  0  5066985  3147728  4731132  8922635  7341274  2849042  9132822  1401088  3583160 
"131072"   0  0  0  0  7555035  7236694  6886943  8665923  7200958  2827266  7332345  7070468  4554434 
"262144"   0  0  0  0  9057917  7537416  7105872  7714203  6636565  8314654  7431201  2808510  3594258 
"524288"   0  0  0  0  8418125  8471701  2496620  8381771  5406422  5815863  4042405  7335045  3568500 

"Random write report"
        "4"  "8"  "16"  "32"  "64"  "128"  "256"  "512"  "1024"  "2048"  "4096"  "8192"  "16384"
"64"   955947  1163036  1232453  1452528  1336792 
"128"   1048974  1278855  1254941  2202044  2969325  2905056 
"256"   2065659  2350543  2754556  2911402  2943325  2849590  2943325 
"512"   2032051  2337255  3580298  4195896  1541840  1542947  1541840  3220553 
"1024"   1164956  1965834  2432298  2403712  3414650  4339202  2783867  2276316  2369237 
"2048"   1690996  2039974  2670330  2659582  1581414  2326756  2064488  2195338  2181401  2285282 
"4096"   2327326  1793342  2505520  1765513  1902362  3091124  1622915  2074912  2040896  2508447  1899628 
"8192"   2069140  2517601  2730689  4047652  1760971  1824946  2042328  4357162  4500997  4411425  4406334  3992159 
"16384"   2956336  3457269  3732967  3949893  3883376  3250714  1884956  1579656  2044930  3685914  1795094  3199408  870419 
"32768"   0  0  0  0  2731797  2444280  2202024  2397045  2976234  2731580  2473800  2986777  2776218 
"65536"   0  0  0  0  1952218  2134513  1769139  2791267  2364646  1180296  2857839  774885  1796883 
"131072"   0  0  0  0  2217018  2695121  2365021  2834599  2338393  1091192  2310288  2381175  1839141 
"262144"   0  0  0  0  2610477  2334673  2006276  2629116  2285298  2727715  2365534  1726211  1825603 
"524288"   0  0  0  0  2539382  2683303  2496620  2790904  1947990  2102459  2723546  2894796  1805954 

"Backward read report"
        "4"  "8"  "16"  "32"  "64"  "128"  "256"  "512"  "1024"  "2048"  "4096"  "8192"  "16384"
"64"   1828508  2379626  2358717  2772930  2772930 
"128"   2326073  2985839  3124872  4557257  6045455  5847904 
"256"   3935921  5217259  5938650  6719046  7120034  7120034  7073132 
"512"   3970896  5453155  6395018  11138071  3849877  3877684  3963567  6652558 
"1024"   5885083  3324778  4550690  5169641  7811791  11645609  6402699  5983467  5175871 
"2048"   3131805  3710866  7670915  5719737  12416686  5119743  4741090  4864597  5376082  7419150 
"4096"   4708354  8324363  5013377  4617244  4725189  5664678  6512939  4851966  4801789  6204794  11800935 
"8192"   2775915  5633847  5454094  10103411  6972624  6681127  5234728  11378128  11800148  11703682  11523131  10012145 
"16384"   6983824  9157949  9910787  10744459  11018377  4612415  4884875  4389953  5268360  6823632  3107115  3899020  3589083 
"32768"   0  0  0  0  8842040  5058331  7579992  2005886  5188763  8159129  3902874  4150377  5350566 
"65536"   0  0  0  0  8413821  6749311  2878549  6161688  5033858  2822653  5575186  7544998  4857031 
"131072"   0  0  0  0  5055002  6402872  3110396  5042206  5351629  4724335  6707872  6501922  5034633 
"262144"   0  0  0  0  7098761  7061695  5160722  6487107  6782846  6590184  3898924  6253272  5080692 
"524288"   0  0  0  0  7164463  8699707  8042456  31272  8843963  6907438  31559  108113  3884220 

"Record rewrite report"
        "4"  "8"  "16"  "32"  "64"  "128"  "256"  "512"  "1024"  "2048"  "4096"  "8192"  "16384"
"64"   1452528  1638743  1518251  1599680  1392258 
"128"   1618028  1802755  1911894  3036502  3359523  2714132 
"256"   2783115  3368013  3810220  3879045  3950402  3465855  2943325 
"512"   2739816  3259661  3768799  6086873  2265742  2032051  1815584  2521095 
"1024"   3849207  2968586  4014717  4162573  3821805  5782087  3229770  2632033  2439205 
"2048"   2955111  3543986  4738475  3304067  4170264  3065856  3219850  3357009  2951050  3855782 
"4096"   2670249  3456849  2392470  4275933  4176149  2474841  2921346  3150647  3382659  3555579  1974060 
"8192"   2986555  3603989  4194915  6277120  3465148  3485889  4135340  5830794  6063334  5468852  5191229  4005655 
"16384"   5204914  6437538  6445388  6972486  7120594  4141522  4061481  4578915  3704193  5883111  2072310  3721847  881145 
"32768"   0  0  0  0  7384900  5686861  6460477  4078209  4708134  5976176  2254583  3946582  3162001 
"65536"   0  0  0  0  6601008  6921992  2534936  4583222  3917994  3364074  4480501  4423611  3175803 
"131072"   0  0  0  0  4166685  3728401  4270982  3949372  3921370  3332362  4618135  3751989  3344790 
"262144"   0  0  0  0  5557445  5218033  5014606  4447578  4939298  4538414  2332612  4105630  3386042 
"524288"   0  0  0  0  5506936  6945684  6532040  5602681  5698105  5687288  2818480  4305033  2304957 

"Stride read report"
        "4"  "8"  "16"  "32"  "64"  "128"  "256"  "512"  "1024"  "2048"  "4096"  "8192"  "16384"
"64"   2662899  3588436  3738358  3541098  4018152 
"128"   2132084  4135958  4267461  6045455  7582312  7582312 
"256"   4054829  5569035  7518900  8024634  8815202  8024634  8024634 
"512"   4000485  5439343  6395018  13872122  4571003  4827914  4131319  5951911 
"1024"   5853003  3618930  5144870  4715569  11520658  13863422  6830356  5782087  4995276 
"2048"   3169944  4008732  7940367  5820505  8029434  6690992  6696208  6543188  5535444  7477273 
"4096"   3961410  8002526  3972402  4929936  4813898  4505833  10160758  6391782  7123239  6953144  10065509 
"8192"   7161552  5591672  6455193  10530733  6287458  6127127  4956108  11683783  11873547  11857157  11735662  10393756 
"16384"   7195149  9448826  10330950  11466995  11787610  9508969  4758701  4141522  7373488  11703295  3512043  6595715  3415513 
"32768"   0  0  0  0  9470837  8005621  8560078  5260658  7863627  11740090  3864139  3145645  4214004 
"65536"   0  0  0  0  9016882  9126151  2807288  7298004  5286438  5080377  7666845  9517338  4295450 
"131072"   0  0  0  0  4902633  4396013  5185651  5093170  5432594  2788122  5948656  6940501  4771779 
"262144"   0  0  0  0  7670397  7392429  8125462  7298169  6322818  6489520  3918084  6963041  5120084 
"524288"   0  0  0  0  7332501  8638906  8127979  8178979  8390886  6985842  7958340  6764293  3575096 

"Fwrite report"
        "4"  "8"  "16"  "32"  "64"  "128"  "256"  "512"  "1024"  "2048"  "4096"  "8192"  "16384"
"64"   942521  1210227  1232453  1232453  1163036 
"128"   1142750  1319723  1424795  2326073  2558895  2969325 
"256"   2049885  2266207  2582316  2812272  3159869  2699161  2975955 
"512"   2014892  2438090  2587935  3970896  1594501  1635797  1514652  2124526 
"1024"   2454539  1756772  2353657  2132761  2803859  4044965  2672984  1899750  2455943 
"2048"   1477760  1797882  2775597  1947033  2519185  1865023  1790388  2245848  2228370  3871422 
"4096"   1808253  3009363  1417386  1844955  1813215  1463884  3158176  1823609  2047951  2473772  2597184 
"8192"   3236658  2434477  2553714  3636025  2122175  1973018  1897090  3778367  3808521  3649155  3154351  4108146 
"16384"   3150707  3498633  3623144  3606411  3680190  2950498  1811419  1507012  1729017  3069367  1631059  2750010  1375054 
"32768"   0  0  0  0  2802371  2341386  2643880  1169028  2081720  2572857  793702  1528291  2845715 
"65536"   0  0  0  0  2603212  2655317  974178  2140930  1620409  1456709  1972787  2156720  2404022 
"131072"   0  0  0  0  1728314  1672475  1791261  1719583  1620695  688110  1887529  1851404  2151443 
"262144"   0  0  0  0  2185352  2128193  2543406  2062402  2011584  1461250  1374828  1787804  2041126 
"524288"   0  0  0  0  1810462  2488115  2538640  2427912  2291929  1922433  2067692  1924055  1862294 

"Re-Fwrite report"
        "4"  "8"  "16"  "32"  "64"  "128"  "256"  "512"  "1024"  "2048"  "4096"  "8192"  "16384"
"64"   1105556  1183548  1279447  1947927  1385075 
"128"   1142750  1359835  1487977  2286447  4407601  2673584 
"256"   2034350  2463808  2699161  2842047  3285566  4477549  2842047 
"512"   2063289  2357784  2695115  3970896  1541840  1711407  2381315  2073249 
"1024"   2019445  1676539  1920993  1932227  2985091  2900425  2333199  3160839  1939207 
"2048"   1513696  1628174  1961707  1703741  2060526  1844994  1722187  2233004  2719361  2531808 
"4096"   1741531  1823802  1562117  1754156  1768421  2451183  2078175  1682848  1887523  3438858  3276846 
"8192"   1257409  1817128  2091305  3775046  2514469  2408031  1873301  3949483  3869860  3838731  4334626  3828039 
"16384"   3033998  3407553  3445655  3421125  3449979  1778003  2065272  1790418  2222147  1343730  1751001  1787670  2677993 
"32768"   0  0  0  0  2584420  1984740  2502538  1152259  1013294  2367318  790811  1690291  2452698 
"65536"   0  0  0  0  2406569  1983649  2221418  2079921  2409945  2061005  1394442  2099702  1523774 
"131072"   0  0  0  0  2011232  2479987  2078104  2403012  1842889  2142296  1859388  1731144  966214 
"262144"   0  0  0  0  2492761  2456532  2095022  2029230  1974794  1890238  2238689  1289107  1645660 
"524288"   0  0  0  0  1044989  2420459  1971184  2055354  2411617  778714  1559184  1426064  1889516 

"Fread report"
        "4"  "8"  "16"  "32"  "64"  "128"  "256"  "512"  "1024"  "2048"  "4096"  "8192"  "16384"
"64"   2052169  3057153  3363612  3791156  3958892 
"128"   2985839  3759450  3759450  4934216  7476717  7582312 
"256"   4553502  5971678  6554972  7314033  7965107  7735574  8271916 
"512"   4701087  5951911  7115451  7988981  4131319  4061007  4195896  5551840 
"1024"   4654248  4415030  4762630  5089995  8970167  8000971  5751117  5593820  5601115 
"2048"   3500658  4213218  4178378  11900619  5953632  5212953  4303993  5131978  6780783  11440955 
"4096"   4140919  4869845  4654774  4858827  7261741  9482180  4971306  5580043  5312585  7274040  12007129 
"8192"   3468296  5000831  5932474  10625170  6022946  4553488  5075439  11523131  11620560  11589204  10514620  10199382 
"16384"   7612823  9272875  9526105  9764332  10337166  5394499  3984475  4458306  4148022  4088788  4845950  3332046  5345404 
"32768"   0  0  0  0  8598099  6111166  3568285  5185630  5240200  6541968  3987343  3415412  4066024 
"65536"   0  0  0  0  5805872  5102444  4619734  6115082  8532127  6929845  7224920  7380301  1543947 
"131072"   0  0  0  0  4128355  8747971  7772289  5651574  6361161  6365802  5733383  7200204  3674155 
"262144"   0  0  0  0  7631744  8463328  7398946  6948607  112386  7203922  8156081  7005275  4526903 
"524288"   0  0  0  0  7479904  6937861  7135983  1936314  108369  52854  2665082  3627166  4778202 

"Re-Fread report"
        "4"  "8"  "16"  "32"  "64"  "128"  "256"  "512"  "1024"  "2048"  "4096"  "8192"  "16384"
"64"   2203800  3738358  3791156  4274062  4207076 
"128"   3199360  3895854  4135958  6406138  7917784  7476717 
"256"   4734192  5971678  7120034  7735574  7965107  8271916  8024634 
"512"   4701087  5951911  6909408  8394979  4571003  4447925  4030519  5744919 
"1024"   4654248  5564829  6787181  6874084  9064828  7927135  4762630  5885083  7257394 
"2048"   3806235  4948672  4221501  12416686  6378005  5800851  5626082  6340344  9653719  8531869 
"4096"   3935097  4964124  5190597  5087609  9846293  8393502  4977067  5587302  5549401  7715028  8256354 
"8192"   3170359  6022946  6859866  12432038  6085887  4474037  5265210  11687758  11939561  11869445  11836733  10995799 
"16384"   8154866  10039653  10475840  11199747  11221694  4451952  6936592  4545899  4141522  4053336  9121482  3280822  5535284 
"32768"   0  0  0  0  8863137  6128060  7254320  5204482  5012762  8878023  4391890  3444170  4789346 
"65536"   0  0  0  0  7796449  4567230  7124916  7225679  8728830  7410345  8773406  7750286  3535415 
"131072"   0  0  0  0  5922254  9089606  8079914  7236789  7994145  8100869  8192495  8289966  4280060 
"262144"   0  0  0  0  7820984  8524151  8682881  7321837  6198873  7795201  8391309  7738581  4303712 
"524288"   0  0  0  0  7408339  7792157  7109383  3151619  5057914  5906862  2755175  4234274  5080795 
