	Iozone: Performance Test of File I/O
	        Version $Revision: 3.397 $
		Compiled for 64 bit mode.
		Build: linux-AMD64 

	Contributors:William Norcott, Don Capps, Isom Crawford, Kirby Collins
	             Al Slater, Scott Rhine, Mike Wisner, Ken Goss
	             Steve Landherr, Brad Smith, Mark Kelly, Dr. Alain CYR,
	             Randy Dunlap, Mark Montague, Dan Million, Gavin Brebner,
	             Jean-Marc Zucconi, Jeff Blomberg, Benny Halevy, Dave Boone,
	             Erik Habbinga, Kris Strecker, Walter Wong, Joshua Root,
	             Fabrice Bacchella, Zhenghua Xue, Qin Li, Darren Sawyer.
	             Ben England.

	Run began: Thu Apr 30 16:19:03 2015

	Excel chart generation enabled
	Auto Mode
	Using maximum file size of 8388608 kilobytes.
	Command line used: /opt/iozone/bin/iozone -Ra -g 8G -b 541_128.xls -f 541.tmp
	Output is in Kbytes/sec
	Time Resolution = 0.000001 seconds.
	Processor cache size set to 1024 Kbytes.
	Processor cache line size set to 32 bytes.
	File stride size set to 17 * record size.
                                                            random  random    bkwd   record   stride                                   
              KB  reclen   write rewrite    read    reread    read   write    read  rewrite     read   fwrite frewrite   fread  freread
              64       4  484710 1124074  2561267  3363612 2379626 1083249 1780008  1492919  2662899  1083249  1105556 2278628  2801873
              64       8  743988 1330167  9006179  4274062 3363612 1249666 2203800  1562436  3363612  1083249  1226821 2379626  3203069
              64      16  760859 1210227  4018152  4207076 3022727 1124074 1991276  1690338  3958892  1255511  1310683 3203069  3363612
              64      32  763021 1255511  4274062  4564786 3203069 1163036 2444640  1492919  5860307  2052169  3738358 8182586  3363612
              64      64  760859 1255511  4564786  4988978 3363612 1310683 2467108  1392258  3541098  1363961  1392258 3541098  3588436
             128       4  771581  955616  3359523  3359523 2558895 1162547 2286447  1663139  2558895  1206978  1231904 2969325  2969325
             128       8  776042 1336145  3867787  4407601 3359523 1377278 2905056  1939522  4135958  1377278  1332828 3657016  3759450
             128      16 1040839 1209698  4444086  4889281 3445772 1406136 2843510  2166499  5122535  1391557  1521718 3759450  3657016
             128      32 1093856 1243315  4759253  5122535 4596273 1642783 2608629  2326073  5122535  1684006  1732927 3053774  3124872
             128      64 1123617 1332828  5379161  5847904 3657016 1471662 2211113  1911894  4135958  1663139  1997245 3468030  3759450
             128     128 1142750 1487977  7082197  6727225 3468030 1557024 2784517  1663139  3560017  1543594  1705404 3560017  3536566
             256       4  792543 1180188  9868433  3605511 2783115 1340826 2726577  1907837  2819657  1267990  3605511 9192546  3368013
             256       8  930608 1463250  4422226  4572895 3368013 1579483 3499745  2266207  3705040  1445521  1570244 4132864  4281170
             256      16  941213 4009406 11695808  4929815 4404088 1649865 3557725  2325094  4840911  1610276  1619994 3879045  4350555
             256      32  954602 1506359  4755158  4264168 4132864 1572543 3705040  2223962  4652146  1598292  3705040 7965107  4404088
             256      64  954602 1561112  4929815  5022044 3879045 1673001 4070199  2097948  4929815  1952947  2030503 4572895  4755158
             256     128  927393 1413179  4840911  5117791 4572895 1817419 4070199  2081678  4652146  1588832  2783115 4572895  4734192
             256     256 1422540 1775350  7314033  7314033 4404088 1855098 3667079  1884399  4734192  1802167  2097948 4672389  7571923
             512       4 1251589 1619757  3795443  4927617 4195896 1954379 4961773  4660280  4827914  2800557  1426135 4038098  5019764
             512       8 1225169 3710197  8528336  4650188 3963567 1546280 9859630  3970896  3815675  1454140  151039111620224  4420457
             512      16  975328 1496706 12215097  4271001 4099771 1723770 3905895  2486072  4099771  1629590  1635797 4296637  3941742
             512      32 1413929 1797349  5509113  5624545 4610256 1895721 4411377  3963567  7115451  1712772  1772135 5177083  4650188
             512      64 1383861 1705969  5278892  5684095 4701087 1889050 5951911  4571003 10434519  2360376  2317080 6652558  6909408
             512     128 1475116 2032051  6104175 1343809212499490 4690818 4163357  2360376  5019764  1954379  539832312215097  4742616
             512     256 1001715 1379416  4375425  4384358 4195896 1689859 3941742  1985091  3437042  1524329  256016810911694  4228947
             512     512  939486 1679288  6414119  5822804 4447925 1662389 3993047  1904125  4305250  2073249  1924603 4485083  4522868
            1024       4 1177088 1554004  3999762  5175871 4048778 2015654 3304314  3057339  3324778  1861867  1587315 3804877  4854136
            1024       8 1284839 1703807  4531485  5950309 4972145 2007176 3923040  4694950  6172653  3103735  2375790 6559147 10662628
            1024      16  935151 1620249  4433259  4474829 4095102 1706515 3544270  2343383  4095102  1546729  152422411645609  4079544
            1024      32  958739 4356809  6128613  6393168 5983467 242132911645609  2592318  4282950  1530742  435680911489839  4634161
            1024      64  976172 1604512 13305116  4762630 4810640 188888912313351  6569179  5417427  1679160  451244110769573  6093831
            1024     128  979064 3631168 10454984  5623115 5390231 2073055 9655828  2467229  5303701  1695065  1774189 9569770  4694950
            1024     256  968031 1503942  9485232  4654248 4162573 1744641 8061038  4321737  7869040  3210456  3984917 9402175  9677584
            1024     512  951728 1546729  4339202  4211554 4215688 1695065 8988941  1983996  4321737  1580306  5593820 8822754  5751117
            1024    1024  950044 1497127  4410497  4415030 4374559 1771262 9142007  1707193  4162573  1695065  3751699 5623115  4741598
            2048       4  845898 3002627  3644736  3600433 2848305 1336787 6483920  1922629  2872113  1349174  2933915 7470770  4764758
            2048       8  904603 1576480  4462754  4472047 3751381 1606254 8531869  2479912  3799501  1510236  2324867 5804771  4347560
            2048      16  915985 3312988  7940367  6189580 8758039 3696494 4911886  3056039  4001263  1555075  2779189 5172149  4376355
            2048      32  936354 2592166  6207471  7969835 7582884 3225896 7419150  4601407  7477273  2941954  2193096 6132138  7726111
            2048      64 1389551 1148109  4581773  4994712 4717655 2354177 4312636  4215286  4699588  1980705  1838281 5172149  7065219
            2048     128 1974785 4204968 11770166 1225722711983630 475158011305435  6440169 14638464  4063729  419675112118884 11851361
            2048     256 1988500 3984558 11320334 1138032511187641 433002810503637  5920802 11835033  4128177  410254611320334 10780463
            2048     512 1946592 3899542 11187641 1130543511187641 444198410673302  5433896 10959265  4490751  477535410780463 11380325
            2048    1024 1997749 4128177 11517657 1156417411502234 439426511072275  5131978 11260973  3324528  573884411129659 11502234
            2048    2048  957009 1527152  5750369  4293237 4215286 1749190 5848244  1995892 11770166  1678768  1688337 4130162  4293237
            4096       4  842447 2226292  3614679  3543113 2861973 1375841 3058654  1940393  2838331  1322565  2205712 3284363  3207709
            4096       8 1308264 1529573  4395170  4240052 3860813 1636987 4153935  3657777  3879120  1685655  1622149 4092583  3942321
            4096      16 1648296 2705147 11409087 1131888510725314 446137010294709  6281934 10419583  3992713  403870510957907 11042425
            4096      32 2104910 4153935  6562698  4676314 4471821 177536511809047  3703511  6302675  1735549  191316710041975  6225028
            4096      64  941372 2730514  6391782  4763181 4571782 1776099 6178018  2547125  4571782  1540407  3387327 7629374  4638436
            4096     128  971777 1625372  6532752  5777065 5657217 2184676 3734100  3598778  4019805  1557444  1673830 3908241  3882626
            4096     256 1394605 1773899  4730393  4887857 5038371 2066675 4540367  3806915  7158858  1821096  1906796 4530788  5157871
            4096     512 1361233 1992375  5618365  6195843 6234064 1583280 4240052  2113455  4235870  1580222  4027344 4768469  4329816
            4096    1024  968108 2108009  5601877  5157871 5075585 2017646 6293440  2095155  4325455  1636987  3202328 6595451  4344048
            4096    2048  972272 1488361  5374073  5777065 4675041 1876390 4270618  2232367  5910222  1826129  2590526 4756587  4664886
            4096    4096 1337183 2568066 11633127 1198200611907264 475132511736440  4649735 11409087  4654774  468141111833449 11982006
            8192       4 1874630 3644124  9660279  9916786 7832518 3582197 7954000  5247519  7816482  3603989  3546333 9214676  9360271
            8192       8 1947190 3963149  6653956  6742748 4670469 1735620 6263389  2818958  4774304  1866483  2355374 4440501  4320454
            8192      16  940749 2292818  5863631  7211152 6742748 2937280 3667070  2426568  4154339  1460016  1885431 4385525  4471708
            8192      32 1829416 2760083  4673010  4702429 4536055 175342311314434  2856217  4454894  1554752  1854295 4949683  4660334
            8192      64 1298858 1691864  4724413  4968291 4697286 1951835 4813093  4483963  4971166  1782439  1805574 4995015  4920620
            8192     128 1948625 2418030  6879094  7262978 7861190 2552766 6682426  6948652  6182248  2398115  2375895 8480105 12082308
            8192     256  988661 1578175 11438735  4371019 4339005 1734919 5396699  2418710  4266803  1496777  1582682 5088216  9460786
            8192     512 1378204 1727157  5174810  5400092 4765695 2039782 4982701  3815711  7426233  1927527  1952834 6611703  7634130
            8192    1024  993693 2704467  4604748  4430767 4382728 1720584 4630813  2238885  4416529  1455624  1731945 5050818  4430195
            8192    2048 1371711 2794882  5475825  4409161 4411425 1709881 4503356  2170709 12224159  1677983  1564807 8047143  4418801
            8192    4096 1221948 1585458  3871604  4366576 4031505 1872077 4757117  2258606  8723390  2658022  3200182 8142493 10778492
            8192    8192 1014854 1438921  4266803  4289173 4257287 1657664 9798016  1645045  4194915  1639393  2289610 5814021  6512699
           16384       4 1370365 1719370  4365689  4388831 3701798 1657096 5973110  5256673  7595993  3263063  1929086 4236763  6753885
           16384       8 1173372 1814576  4381835  4307133 3902784  799688 3562476  3751717  3742319   802546   819368 4202304  4054532
           16384      16 1769897 2194192  8102942  947096410188503 3492587 4892526  5318101 10475840  3672716  1888841 4241208  5538853
           16384      32 1036574 1728104  5197828  5056693 4754749 1917139 4776894  4354900  4805959  1811801  2300479 5441486  4750476
           16384      64 1287127 1595796  6248471  6698584 7142056 2608067 6028127  4887654  7278984  2453758  2124525 8367356  6352441
           16384     128 1005085 1385758  5097579 1138530311949538 2479074 4406561  2703276  4440158  1465208  1704360 4912813  4810332
           16384     256  781722 1760782  5333373  5366694 5249445 2155783 7980609  6670624 11100247  3685124  3495607 9751862 10488631
           16384     512 2395007 3255180  9303003 1036992411109220 410613410150878  6375425 10958635  3653968  3396270 7746700  9460533
           16384    1024 2210211 1689775  5452279  5425162 5186451  902045 6138514  2470075  6623049  3503092  2190066 5116556  5002944
           16384    2048 1227444 2125313  3955577  4135291 7907146 3172819 6831772  4723051  8123056  2593989  1522268 4608703  4760019
           16384    4096 1368646 1618154  4758701  4151028 5283347 2093267 7961193  5626377  6476367  1614656  1587905 4164865  3930914
           16384    8192 1038014 1925303  3969056  4038567 3837832 1431184 3427609  2055696  3211820  1902858  2211065 7008039  7638208
           16384   16384 1089647 1699597  5224700  4879325 4573734 1989112 4110556  2152946  4158313  2139740  2185052 4196659  4278973
           32768      64 1104310 2149976  4102189  7937654 7077256 1668418 4967109  4509772  4879811  1793333  2520391 3978685  5216333
           32768     128  780230 2703213  4015183  7597591 7873087 2501354 4894409  5565049  7901603  2444627   903645 2201389  5376100
           32768     256 1037644 1164965  7907513  8063392 8482416 2814191 8009820  6573257  8582529  2728598  2579133 4144120  8664227
           32768     512 1968988 1736155  3758263  6411055 7467557 2539343 4373164  4080631  5125678  1188149   866074 1993405  5324654
           32768    1024 2291955 2888052  8484511  9084587 9359262 3153802 3857740  6266650  9361812  2708327  1708976 5255428  7351718
           32768    2048 1291551 2019474  1835951  4725130 4544817 1199891 4647320  2975074  6771790  1516470  1520850 5947985  5880796
           32768    4096 2180608 1948278  5527671  5595409 9365002 3125757 4252205  4881891  6038935  2277145   877089 6167383  6261796
           32768    8192 1077928  903372  5116710  4829399 5247803 1304509 5296338  4612694  5442306  2469356  1890395 5935143  8169314
           32768   16384 1418654 1111275  1692747  1681543 3500130 1890161 3479308  2023696  4430541  2582380  2331061 3258561  4763451
           65536      64 1692349 2210023  5920162  9623631 9550405 2885529 4921646  5978491  7891124  2340067  1053378 6034004  9605135
           65536     128 2021476 2121580  4946088  7878007 7816847 2564905 3155787  4618104  6125439  2019589  1561799 8333723  9547751
           65536     256 1700600 2248309  2868217  2874636 2826397 1582953 5222756  4387179  6003692  2409945  2434922 6553480  7193157
           65536     512 1234968 1051167  5149377  8928722 8982408 3057704 6579834  4934545  7352860  2293385  2114952 6196134  7274634
           65536    1024 1621537 2120140  4856345  7367839 7347750 2513748 4715145  4934279  7455770  2167331  1929850 5411216  7336375
           65536    2048 1718665 2223664  3209735  6462423 3253385 1342152 6379482  4251995  6508634  1873527  1994096 6329537  8806292
           65536    4096 1760403 2048578  2503970  2124761 3914702 1851343 2459981  1765469  5888835  1551327  2234656 6297778  7431180
           65536    8192 1156553 1357188  7935089  8580333 8348656 2990735 6088939  4082437  5789852  1977968  1899314 2310368  3540972
           65536   16384 1408129 1785132  5176139  5215720 5192959 2842590 3737404  2872503  4050195  2171217  1729588 4147610  4181173
          131072      64 2073956 2176950  5887183  5858262 5482109 2040858 6541534  5829068  7578573  2299186  1196219 7010331  9526376
          131072     128 2095682 1020658  6138901  6242698 6083670 2746625 6537877  3717937  4345009  1704427  2417988 5026118  2820275
          131072     256 2207563 2114268  7737938  8036331 5438667 2734602 5197368  6280066  7000600  2384211  2480637 4987134  4742634
          131072     512 1477116 2213563  5912191  7166695 8598828 2954599 7015161  4929890  7308560  2256521  2155889 4103059  6316069
          131072    1024 2224427 2804993  6460281  4754817 4857924 1922244 7189094  6029888  7698819  2539419  1664596 6624138  7434577
          131072    2048 1775680 2674289  8353960  8478677 8432380 2845986 6208716  5028278  7393980  2027655  2222162 4952272  4863683
          131072    4096 1876935 2321909  6393787  6517416 6469861 2302181 6551278  4956380  2007317   719949  2181001 7200110  7333127
          131072    8192 2131110 1613314  7090256  8780946 8608388 3046974 7528034  5064782  9993960  2245268  2227636 1670473  3374333
          131072   16384 1198153 2231280  2553763  2139562 2577119 1844757 1920438  1665952  4547803  2274332  1767227 4068684  4535983
          262144      64 1782248 2195419  7064735  7347721 6251210 2702878 6774613  6632681  7095875  2495680  2536494 8623769  8704465
          262144     128 2215735  940490  8686586  8823424 8624310 2823787 7126968  5905612  7246176  2302397  2281438 3642144  5100466
          262144     256 2165369 2225877  5140383  5244240 5186967 2057789 5934618  5183470  7074235  2001004  2561150 7324715  8554193
          262144     512 1828126 1208164  8053035  8735239 8705637 2958931 4675295  5539469  5109021  2011032  1822937 7331064  8898330
          262144    1024 1859086 2834444  8769097  8920132 8900059 3035062 8748584  6184369  8907991  2530423  2339382 6646313  7441964
          262144    2048  885543 2709893  6569708  7328816 7385974 2562851 8645943  6097801  8209182  2444827  2385622 6488064  7457410
          262144    4096 2271099 1796244  3881896  4000132 4116389 1857161 1810987  1983457  2214240   819346  1749937  113106  5985730
          262144    8192 1879812 1524916  2620469  2909740 4762866 2049791 1393508  1559332  1769761  2060330  2073612 7823990  8571532
          262144   16384 2102249 2213491  4269652  4454226 4456031 2383171 4330869  2909439  4281440  1837155  2126292 4692534  5045510
          524288      64 1470463 2254895  9261080  9565345 9226536 2792006   42280  6915911  9084402  2679710  2541239 8760183  9475819
          524288     128 2166946 2757887  6909609  7079605 6968487 2802360   34852  7049805  8508676  2522603  1573814 8705768  8733012
          524288     256 2169456 1873078  7984056  8052351 7973229 2712346 7836308  6425819  7970195  2487276  2492170 5274957  5315003
          524288     512 2297050 2655053  5276223  5352937 5340120 2069291   69161  4204466  5281063  2230851  2515317  109718  6745763
          524288    1024 2225698 2659455  5449523  5433325 5446068 2088188   71590  6282442  8821647  2509012  1207830 6315587  6478694
          524288    2048 1257514 2637383   105853  3171007 5203855 1902834 7116907  4712655  7168667  2343228  2241351   55560  3436216
          524288    4096 1365952 2125973  8983972  9175028 9165086 3058532   76789  3840010  6467738  1699878  2155345 8595850  8032468
          524288    8192 1894383 2598326  7443370  7594523 7518958 2823170 3547499  2338682  3614960  1681461  2009051   65531  2946943
          524288   16384 2157642 1448545  4565738  4588067 3964284 1842490 4511670  3165953  4529792  1944285  1939264   38103  2031376
         1048576      64 2233550 1700621    42984  3935021 4709102 2165311    8905  7001610  9298022  2629935  2710752   85644  6774669
         1048576     128 2104839 2848439    44537  3569559 6066917 2932504 4915183  4935847  9256087  2691118  2398889   68751  4618482
         1048576     256 2286372 1697274    50823  4582655 5195008 1588020 6760382  6600335  6504688  1676699  2421620   40329  7137973
         1048576     512 1521448 1859352    59759  7054699 8743373 2993228 8329037  6386978  8312146  2575113  1998228   80322  5941717
         1048576    1024 1502458 2679306   112524  6158462 7376440 1432234 4489264  3994437  8354589  2382142  1656832   33081  2238032
         1048576    2048 2306048 1647127    35623  7538610 9209588 3090046 8496624  6094103  8792948  1400446  2406868 8464181  8967848
         1048576    4096 2228959 2007997  7391316  7298404 9112897 2112752 7204977  5653736  8393173  1244060   921769   26158  3113366
         1048576    8192 2170412 1181036    60464  2762559 2370316 2461307   24274  5433008  7213154  1959731  1730591 6884977  7515435
         1048576   16384 1663097 2505815   112661  4519550 5011688 2790509 4986544  3380964  3914204  2057797  1605870  109840  4497026
         2097152      64 1586089 2125325  5079139  4980732 4931585 2676778   72993  6126164  8666880  2595378  2255645  112035  7298349
         2097152     128 1477841 2129646    97164  5418479 8773853 2775688   85770  4403106  8295565  2539604  2318930  111118  2678635
         2097152     256 2164686 2576644  8483421  8422876 8465100 2879786   92916  4362114  3845480  2302732  2153071  110455  6853754
         2097152     512 1568037 1947668   109580  7019803 8638969 2899225    9348  6349677  8832981  1764296  2597597   46014  4099122
         2097152    1024 2296351 1663206    59279  4513080 5708865 2062390 6153817  6070994  3725065  1994990  1777417   35439  4803018
         2097152    2048 1767816 1690561    77772  3837998 5374407 2838826   30062  5531616  8824500  2339195  2334428  108048  7332516
         2097152    4096 1901266 2765111   111963  6177435 5322788 1850964 7462595  6001947  8861305  1600728  2254999   85807  2931632
         2097152    8192 2290132 2371986    69986  6981664 8423578 2752087   50263  5500291  8336819  1975362  1654057   50305  7038953
         2097152   16384 2067836 2581961    35945  4458248 4468651 1766289 4475003  3151327  3251660  1735481  1831220   35672  4082708
         4194304      64 1863335 2530062    27683  7067590 4390498 2042439 7455428  4744719  6471482  2442997  2172000   18541  6528982

iozone: interrupted

Excel output is below:

"Writer report"
        "4"  "8"  "16"  "32"  "64"  "128"  "256"  "512"  "1024"  "2048"  "4096"  "8192"  "16384"
"64"   484710  743988  760859  763021  760859 
"128"   771581  776042  1040839  1093856  1123617  1142750 
"256"   792543  930608  941213  954602  954602  927393  1422540 
"512"   1251589  1225169  975328  1413929  1383861  1475116  1001715  939486 
"1024"   1177088  1284839  935151  958739  976172  979064  968031  951728  950044 
"2048"   845898  904603  915985  936354  1389551  1974785  1988500  1946592  1997749  957009 
"4096"   842447  1308264  1648296  2104910  941372  971777  1394605  1361233  968108  972272  1337183 
"8192"   1874630  1947190  940749  1829416  1298858  1948625  988661  1378204  993693  1371711  1221948  1014854 
"16384"   1370365  1173372  1769897  1036574  1287127  1005085  781722  2395007  2210211  1227444  1368646  1038014  1089647 
"32768"   0  0  0  0  1104310  780230  1037644  1968988  2291955  1291551  2180608  1077928  1418654 
"65536"   0  0  0  0  1692349  2021476  1700600  1234968  1621537  1718665  1760403  1156553  1408129 
"131072"   0  0  0  0  2073956  2095682  2207563  1477116  2224427  1775680  1876935  2131110  1198153 
"262144"   0  0  0  0  1782248  2215735  2165369  1828126  1859086  885543  2271099  1879812  2102249 
"524288"   0  0  0  0  1470463  2166946  2169456  2297050  2225698  1257514  1365952  1894383  2157642 
"1048576"   0  0  0  0  2233550  2104839  2286372  1521448  1502458  2306048  2228959  2170412  1663097 
"2097152"   0  0  0  0  1586089  1477841  2164686  1568037  2296351  1767816  1901266  2290132  2067836 
"4194304"   0  0  0  0  1863335  2005151 

"Re-writer report"
        "4"  "8"  "16"  "32"  "64"  "128"  "256"  "512"  "1024"  "2048"  "4096"  "8192"  "16384"
"64"   1124074  1330167  1210227  1255511  1255511 
"128"   955616  1336145  1209698  1243315  1332828  1487977 
"256"   1180188  1463250  4009406  1506359  1561112  1413179  1775350 
"512"   1619757  3710197  1496706  1797349  1705969  2032051  1379416  1679288 
"1024"   1554004  1703807  1620249  4356809  1604512  3631168  1503942  1546729  1497127 
"2048"   3002627  1576480  3312988  2592166  1148109  4204968  3984558  3899542  4128177  1527152 
"4096"   2226292  1529573  2705147  4153935  2730514  1625372  1773899  1992375  2108009  1488361  2568066 
"8192"   3644124  3963149  2292818  2760083  1691864  2418030  1578175  1727157  2704467  2794882  1585458  1438921 
"16384"   1719370  1814576  2194192  1728104  1595796  1385758  1760782  3255180  1689775  2125313  1618154  1925303  1699597 
"32768"   0  0  0  0  2149976  2703213  1164965  1736155  2888052  2019474  1948278  903372  1111275 
"65536"   0  0  0  0  2210023  2121580  2248309  1051167  2120140  2223664  2048578  1357188  1785132 
"131072"   0  0  0  0  2176950  1020658  2114268  2213563  2804993  2674289  2321909  1613314  2231280 
"262144"   0  0  0  0  2195419  940490  2225877  1208164  2834444  2709893  1796244  1524916  2213491 
"524288"   0  0  0  0  2254895  2757887  1873078  2655053  2659455  2637383  2125973  2598326  1448545 
"1048576"   0  0  0  0  1700621  2848439  1697274  1859352  2679306  1647127  2007997  1181036  2505815 
"2097152"   0  0  0  0  2125325  2129646  2576644  1947668  1663206  1690561  2765111  2371986  2581961 
"4194304"   0  0  0  0  2530062  2570663 

"Reader report"
        "4"  "8"  "16"  "32"  "64"  "128"  "256"  "512"  "1024"  "2048"  "4096"  "8192"  "16384"
"64"   2561267  9006179  4018152  4274062  4564786 
"128"   3359523  3867787  4444086  4759253  5379161  7082197 
"256"   9868433  4422226  11695808  4755158  4929815  4840911  7314033 
"512"   3795443  8528336  12215097  5509113  5278892  6104175  4375425  6414119 
"1024"   3999762  4531485  4433259  6128613  13305116  10454984  9485232  4339202  4410497 
"2048"   3644736  4462754  7940367  6207471  4581773  11770166  11320334  11187641  11517657  5750369 
"4096"   3614679  4395170  11409087  6562698  6391782  6532752  4730393  5618365  5601877  5374073  11633127 
"8192"   9660279  6653956  5863631  4673010  4724413  6879094  11438735  5174810  4604748  5475825  3871604  4266803 
"16384"   4365689  4381835  8102942  5197828  6248471  5097579  5333373  9303003  5452279  3955577  4758701  3969056  5224700 
"32768"   0  0  0  0  4102189  4015183  7907513  3758263  8484511  1835951  5527671  5116710  1692747 
"65536"   0  0  0  0  5920162  4946088  2868217  5149377  4856345  3209735  2503970  7935089  5176139 
"131072"   0  0  0  0  5887183  6138901  7737938  5912191  6460281  8353960  6393787  7090256  2553763 
"262144"   0  0  0  0  7064735  8686586  5140383  8053035  8769097  6569708  3881896  2620469  4269652 
"524288"   0  0  0  0  9261080  6909609  7984056  5276223  5449523  105853  8983972  7443370  4565738 
"1048576"   0  0  0  0  42984  44537  50823  59759  112524  35623  7391316  60464  112661 
"2097152"   0  0  0  0  5079139  97164  8483421  109580  59279  77772  111963  69986  35945 
"4194304"   0  0  0  0  27683  19501 

"Re-Reader report"
        "4"  "8"  "16"  "32"  "64"  "128"  "256"  "512"  "1024"  "2048"  "4096"  "8192"  "16384"
"64"   3363612  4274062  4207076  4564786  4988978 
"128"   3359523  4407601  4889281  5122535  5847904  6727225 
"256"   3605511  4572895  4929815  4264168  5022044  5117791  7314033 
"512"   4927617  4650188  4271001  5624545  5684095  13438092  4384358  5822804 
"1024"   5175871  5950309  4474829  6393168  4762630  5623115  4654248  4211554  4415030 
"2048"   3600433  4472047  6189580  7969835  4994712  12257227  11380325  11305435  11564174  4293237 
"4096"   3543113  4240052  11318885  4676314  4763181  5777065  4887857  6195843  5157871  5777065  11982006 
"8192"   9916786  6742748  7211152  4702429  4968291  7262978  4371019  5400092  4430767  4409161  4366576  4289173 
"16384"   4388831  4307133  9470964  5056693  6698584  11385303  5366694  10369924  5425162  4135291  4151028  4038567  4879325 
"32768"   0  0  0  0  7937654  7597591  8063392  6411055  9084587  4725130  5595409  4829399  1681543 
"65536"   0  0  0  0  9623631  7878007  2874636  8928722  7367839  6462423  2124761  8580333  5215720 
"131072"   0  0  0  0  5858262  6242698  8036331  7166695  4754817  8478677  6517416  8780946  2139562 
"262144"   0  0  0  0  7347721  8823424  5244240  8735239  8920132  7328816  4000132  2909740  4454226 
"524288"   0  0  0  0  9565345  7079605  8052351  5352937  5433325  3171007  9175028  7594523  4588067 
"1048576"   0  0  0  0  3935021  3569559  4582655  7054699  6158462  7538610  7298404  2762559  4519550 
"2097152"   0  0  0  0  4980732  5418479  8422876  7019803  4513080  3837998  6177435  6981664  4458248 
"4194304"   0  0  0  0  7067590  3800003 

"Random read report"
        "4"  "8"  "16"  "32"  "64"  "128"  "256"  "512"  "1024"  "2048"  "4096"  "8192"  "16384"
"64"   2379626  3363612  3022727  3203069  3363612 
"128"   2558895  3359523  3445772  4596273  3657016  3468030 
"256"   2783115  3368013  4404088  4132864  3879045  4572895  4404088 
"512"   4195896  3963567  4099771  4610256  4701087  12499490  4195896  4447925 
"1024"   4048778  4972145  4095102  5983467  4810640  5390231  4162573  4215688  4374559 
"2048"   2848305  3751381  8758039  7582884  4717655  11983630  11187641  11187641  11502234  4215286 
"4096"   2861973  3860813  10725314  4471821  4571782  5657217  5038371  6234064  5075585  4675041  11907264 
"8192"   7832518  4670469  6742748  4536055  4697286  7861190  4339005  4765695  4382728  4411425  4031505  4257287 
"16384"   3701798  3902784  10188503  4754749  7142056  11949538  5249445  11109220  5186451  7907146  5283347  3837832  4573734 
"32768"   0  0  0  0  7077256  7873087  8482416  7467557  9359262  4544817  9365002  5247803  3500130 
"65536"   0  0  0  0  9550405  7816847  2826397  8982408  7347750  3253385  3914702  8348656  5192959 
"131072"   0  0  0  0  5482109  6083670  5438667  8598828  4857924  8432380  6469861  8608388  2577119 
"262144"   0  0  0  0  6251210  8624310  5186967  8705637  8900059  7385974  4116389  4762866  4456031 
"524288"   0  0  0  0  9226536  6968487  7973229  5340120  5446068  5203855  9165086  7518958  3964284 
"1048576"   0  0  0  0  4709102  6066917  5195008  8743373  7376440  9209588  9112897  2370316  5011688 
"2097152"   0  0  0  0  4931585  8773853  8465100  8638969  5708865  5374407  5322788  8423578  4468651 
"4194304"   0  0  0  0  4390498  9171023 

"Random write report"
        "4"  "8"  "16"  "32"  "64"  "128"  "256"  "512"  "1024"  "2048"  "4096"  "8192"  "16384"
"64"   1083249  1249666  1124074  1163036  1310683 
"128"   1162547  1377278  1406136  1642783  1471662  1557024 
"256"   1340826  1579483  1649865  1572543  1673001  1817419  1855098 
"512"   1954379  1546280  1723770  1895721  1889050  4690818  1689859  1662389 
"1024"   2015654  2007176  1706515  2421329  1888889  2073055  1744641  1695065  1771262 
"2048"   1336787  1606254  3696494  3225896  2354177  4751580  4330028  4441984  4394265  1749190 
"4096"   1375841  1636987  4461370  1775365  1776099  2184676  2066675  1583280  2017646  1876390  4751325 
"8192"   3582197  1735620  2937280  1753423  1951835  2552766  1734919  2039782  1720584  1709881  1872077  1657664 
"16384"   1657096  799688  3492587  1917139  2608067  2479074  2155783  4106134  902045  3172819  2093267  1431184  1989112 
"32768"   0  0  0  0  1668418  2501354  2814191  2539343  3153802  1199891  3125757  1304509  1890161 
"65536"   0  0  0  0  2885529  2564905  1582953  3057704  2513748  1342152  1851343  2990735  2842590 
"131072"   0  0  0  0  2040858  2746625  2734602  2954599  1922244  2845986  2302181  3046974  1844757 
"262144"   0  0  0  0  2702878  2823787  2057789  2958931  3035062  2562851  1857161  2049791  2383171 
"524288"   0  0  0  0  2792006  2802360  2712346  2069291  2088188  1902834  3058532  2823170  1842490 
"1048576"   0  0  0  0  2165311  2932504  1588020  2993228  1432234  3090046  2112752  2461307  2790509 
"2097152"   0  0  0  0  2676778  2775688  2879786  2899225  2062390  2838826  1850964  2752087  1766289 
"4194304"   0  0  0  0  2042439  2817777 

"Backward read report"
        "4"  "8"  "16"  "32"  "64"  "128"  "256"  "512"  "1024"  "2048"  "4096"  "8192"  "16384"
"64"   1780008  2203800  1991276  2444640  2467108 
"128"   2286447  2905056  2843510  2608629  2211113  2784517 
"256"   2726577  3499745  3557725  3705040  4070199  4070199  3667079 
"512"   4961773  9859630  3905895  4411377  5951911  4163357  3941742  3993047 
"1024"   3304314  3923040  3544270  11645609  12313351  9655828  8061038  8988941  9142007 
"2048"   6483920  8531869  4911886  7419150  4312636  11305435  10503637  10673302  11072275  5848244 
"4096"   3058654  4153935  10294709  11809047  6178018  3734100  4540367  4240052  6293440  4270618  11736440 
"8192"   7954000  6263389  3667070  11314434  4813093  6682426  5396699  4982701  4630813  4503356  4757117  9798016 
"16384"   5973110  3562476  4892526  4776894  6028127  4406561  7980609  10150878  6138514  6831772  7961193  3427609  4110556 
"32768"   0  0  0  0  4967109  4894409  8009820  4373164  3857740  4647320  4252205  5296338  3479308 
"65536"   0  0  0  0  4921646  3155787  5222756  6579834  4715145  6379482  2459981  6088939  3737404 
"131072"   0  0  0  0  6541534  6537877  5197368  7015161  7189094  6208716  6551278  7528034  1920438 
"262144"   0  0  0  0  6774613  7126968  5934618  4675295  8748584  8645943  1810987  1393508  4330869 
"524288"   0  0  0  0  42280  34852  7836308  69161  71590  7116907  76789  3547499  4511670 
"1048576"   0  0  0  0  8905  4915183  6760382  8329037  4489264  8496624  7204977  24274  4986544 
"2097152"   0  0  0  0  72993  85770  92916  9348  6153817  30062  7462595  50263  4475003 
"4194304"   0  0  0  0  7455428  1343 

"Record rewrite report"
        "4"  "8"  "16"  "32"  "64"  "128"  "256"  "512"  "1024"  "2048"  "4096"  "8192"  "16384"
"64"   1492919  1562436  1690338  1492919  1392258 
"128"   1663139  1939522  2166499  2326073  1911894  1663139 
"256"   1907837  2266207  2325094  2223962  2097948  2081678  1884399 
"512"   4660280  3970896  2486072  3963567  4571003  2360376  1985091  1904125 
"1024"   3057339  4694950  2343383  2592318  6569179  2467229  4321737  1983996  1707193 
"2048"   1922629  2479912  3056039  4601407  4215286  6440169  5920802  5433896  5131978  1995892 
"4096"   1940393  3657777  6281934  3703511  2547125  3598778  3806915  2113455  2095155  2232367  4649735 
"8192"   5247519  2818958  2426568  2856217  4483963  6948652  2418710  3815711  2238885  2170709  2258606  1645045 
"16384"   5256673  3751717  5318101  4354900  4887654  2703276  6670624  6375425  2470075  4723051  5626377  2055696  2152946 
"32768"   0  0  0  0  4509772  5565049  6573257  4080631  6266650  2975074  4881891  4612694  2023696 
"65536"   0  0  0  0  5978491  4618104  4387179  4934545  4934279  4251995  1765469  4082437  2872503 
"131072"   0  0  0  0  5829068  3717937  6280066  4929890  6029888  5028278  4956380  5064782  1665952 
"262144"   0  0  0  0  6632681  5905612  5183470  5539469  6184369  6097801  1983457  1559332  2909439 
"524288"   0  0  0  0  6915911  7049805  6425819  4204466  6282442  4712655  3840010  2338682  3165953 
"1048576"   0  0  0  0  7001610  4935847  6600335  6386978  3994437  6094103  5653736  5433008  3380964 
"2097152"   0  0  0  0  6126164  4403106  4362114  6349677  6070994  5531616  6001947  5500291  3151327 
"4194304"   0  0  0  0  4744719  4360889 

"Stride read report"
        "4"  "8"  "16"  "32"  "64"  "128"  "256"  "512"  "1024"  "2048"  "4096"  "8192"  "16384"
"64"   2662899  3363612  3958892  5860307  3541098 
"128"   2558895  4135958  5122535  5122535  4135958  3560017 
"256"   2819657  3705040  4840911  4652146  4929815  4652146  4734192 
"512"   4827914  3815675  4099771  7115451  10434519  5019764  3437042  4305250 
"1024"   3324778  6172653  4095102  4282950  5417427  5303701  7869040  4321737  4162573 
"2048"   2872113  3799501  4001263  7477273  4699588  14638464  11835033  10959265  11260973  11770166 
"4096"   2838331  3879120  10419583  6302675  4571782  4019805  7158858  4235870  4325455  5910222  11409087 
"8192"   7816482  4774304  4154339  4454894  4971166  6182248  4266803  7426233  4416529  12224159  8723390  4194915 
"16384"   7595993  3742319  10475840  4805959  7278984  4440158  11100247  10958635  6623049  8123056  6476367  3211820  4158313 
"32768"   0  0  0  0  4879811  7901603  8582529  5125678  9361812  6771790  6038935  5442306  4430541 
"65536"   0  0  0  0  7891124  6125439  6003692  7352860  7455770  6508634  5888835  5789852  4050195 
"131072"   0  0  0  0  7578573  4345009  7000600  7308560  7698819  7393980  2007317  9993960  4547803 
"262144"   0  0  0  0  7095875  7246176  7074235  5109021  8907991  8209182  2214240  1769761  4281440 
"524288"   0  0  0  0  9084402  8508676  7970195  5281063  8821647  7168667  6467738  3614960  4529792 
"1048576"   0  0  0  0  9298022  9256087  6504688  8312146  8354589  8792948  8393173  7213154  3914204 
"2097152"   0  0  0  0  8666880  8295565  3845480  8832981  3725065  8824500  8861305  8336819  3251660 
"4194304"   0  0  0  0  6471482  9152172 

"Fwrite report"
        "4"  "8"  "16"  "32"  "64"  "128"  "256"  "512"  "1024"  "2048"  "4096"  "8192"  "16384"
"64"   1083249  1083249  1255511  2052169  1363961 
"128"   1206978  1377278  1391557  1684006  1663139  1543594 
"256"   1267990  1445521  1610276  1598292  1952947  1588832  1802167 
"512"   2800557  1454140  1629590  1712772  2360376  1954379  1524329  2073249 
"1024"   1861867  3103735  1546729  1530742  1679160  1695065  3210456  1580306  1695065 
"2048"   1349174  1510236  1555075  2941954  1980705  4063729  4128177  4490751  3324528  1678768 
"4096"   1322565  1685655  3992713  1735549  1540407  1557444  1821096  1580222  1636987  1826129  4654774 
"8192"   3603989  1866483  1460016  1554752  1782439  2398115  1496777  1927527  1455624  1677983  2658022  1639393 
"16384"   3263063  802546  3672716  1811801  2453758  1465208  3685124  3653968  3503092  2593989  1614656  1902858  2139740 
"32768"   0  0  0  0  1793333  2444627  2728598  1188149  2708327  1516470  2277145  2469356  2582380 
"65536"   0  0  0  0  2340067  2019589  2409945  2293385  2167331  1873527  1551327  1977968  2171217 
"131072"   0  0  0  0  2299186  1704427  2384211  2256521  2539419  2027655  719949  2245268  2274332 
"262144"   0  0  0  0  2495680  2302397  2001004  2011032  2530423  2444827  819346  2060330  1837155 
"524288"   0  0  0  0  2679710  2522603  2487276  2230851  2509012  2343228  1699878  1681461  1944285 
"1048576"   0  0  0  0  2629935  2691118  1676699  2575113  2382142  1400446  1244060  1959731  2057797 
"2097152"   0  0  0  0  2595378  2539604  2302732  1764296  1994990  2339195  1600728  1975362  1735481 
"4194304"   0  0  0  0  2442997  2420798 

"Re-Fwrite report"
        "4"  "8"  "16"  "32"  "64"  "128"  "256"  "512"  "1024"  "2048"  "4096"  "8192"  "16384"
"64"   1105556  1226821  1310683  3738358  1392258 
"128"   1231904  1332828  1521718  1732927  1997245  1705404 
"256"   3605511  1570244  1619994  3705040  2030503  2783115  2097948 
"512"   1426135  1510391  1635797  1772135  2317080  5398323  2560168  1924603 
"1024"   1587315  2375790  1524224  4356809  4512441  1774189  3984917  5593820  3751699 
"2048"   2933915  2324867  2779189  2193096  1838281  4196751  4102546  4775354  5738844  1688337 
"4096"   2205712  1622149  4038705  1913167  3387327  1673830  1906796  4027344  3202328  2590526  4681411 
"8192"   3546333  2355374  1885431  1854295  1805574  2375895  1582682  1952834  1731945  1564807  3200182  2289610 
"16384"   1929086  819368  1888841  2300479  2124525  1704360  3495607  3396270  2190066  1522268  1587905  2211065  2185052 
"32768"   0  0  0  0  2520391  903645  2579133  866074  1708976  1520850  877089  1890395  2331061 
"65536"   0  0  0  0  1053378  1561799  2434922  2114952  1929850  1994096  2234656  1899314  1729588 
"131072"   0  0  0  0  1196219  2417988  2480637  2155889  1664596  2222162  2181001  2227636  1767227 
"262144"   0  0  0  0  2536494  2281438  2561150  1822937  2339382  2385622  1749937  2073612  2126292 
"524288"   0  0  0  0  2541239  1573814  2492170  2515317  1207830  2241351  2155345  2009051  1939264 
"1048576"   0  0  0  0  2710752  2398889  2421620  1998228  1656832  2406868  921769  1730591  1605870 
"2097152"   0  0  0  0  2255645  2318930  2153071  2597597  1777417  2334428  2254999  1654057  1831220 
"4194304"   0  0  0  0  2172000  2113428 

"Fread report"
        "4"  "8"  "16"  "32"  "64"  "128"  "256"  "512"  "1024"  "2048"  "4096"  "8192"  "16384"
"64"   2278628  2379626  3203069  8182586  3541098 
"128"   2969325  3657016  3759450  3053774  3468030  3560017 
"256"   9192546  4132864  3879045  7965107  4572895  4572895  4672389 
"512"   4038098  11620224  4296637  5177083  6652558  12215097  10911694  4485083 
"1024"   3804877  6559147  11645609  11489839  10769573  9569770  9402175  8822754  5623115 
"2048"   7470770  5804771  5172149  6132138  5172149  12118884  11320334  10780463  11129659  4130162 
"4096"   3284363  4092583  10957907  10041975  7629374  3908241  4530788  4768469  6595451  4756587  11833449 
"8192"   9214676  4440501  4385525  4949683  4995015  8480105  5088216  6611703  5050818  8047143  8142493  5814021 
"16384"   4236763  4202304  4241208  5441486  8367356  4912813  9751862  7746700  5116556  4608703  4164865  7008039  4196659 
"32768"   0  0  0  0  3978685  2201389  4144120  1993405  5255428  5947985  6167383  5935143  3258561 
"65536"   0  0  0  0  6034004  8333723  6553480  6196134  5411216  6329537  6297778  2310368  4147610 
"131072"   0  0  0  0  7010331  5026118  4987134  4103059  6624138  4952272  7200110  1670473  4068684 
"262144"   0  0  0  0  8623769  3642144  7324715  7331064  6646313  6488064  113106  7823990  4692534 
"524288"   0  0  0  0  8760183  8705768  5274957  109718  6315587  55560  8595850  65531  38103 
"1048576"   0  0  0  0  85644  68751  40329  80322  33081  8464181  26158  6884977  109840 
"2097152"   0  0  0  0  112035  111118  110455  46014  35439  108048  85807  50305  35672 
"4194304"   0  0  0  0  18541  0 

"Re-Fread report"
        "4"  "8"  "16"  "32"  "64"  "128"  "256"  "512"  "1024"  "2048"  "4096"  "8192"  "16384"
"64"   2801873  3203069  3363612  3363612  3588436 
"128"   2969325  3759450  3657016  3124872  3759450  3536566 
"256"   3368013  4281170  4350555  4404088  4755158  4734192  7571923 
"512"   5019764  4420457  3941742  4650188  6909408  4742616  4228947  4522868 
"1024"   4854136  10662628  4079544  4634161  6093831  4694950  9677584  5751117  4741598 
"2048"   4764758  4347560  4376355  7726111  7065219  11851361  10780463  11380325  11502234  4293237 
"4096"   3207709  3942321  11042425  6225028  4638436  3882626  5157871  4329816  4344048  4664886  11982006 
"8192"   9360271  4320454  4471708  4660334  4920620  12082308  9460786  7634130  4430195  4418801  10778492  6512699 
"16384"   6753885  4054532  5538853  4750476  6352441  4810332  10488631  9460533  5002944  4760019  3930914  7638208  4278973 
"32768"   0  0  0  0  5216333  5376100  8664227  5324654  7351718  5880796  6261796  8169314  4763451 
"65536"   0  0  0  0  9605135  9547751  7193157  7274634  7336375  8806292  7431180  3540972  4181173 
"131072"   0  0  0  0  9526376  2820275  4742634  6316069  7434577  4863683  7333127  3374333  4535983 
"262144"   0  0  0  0  8704465  5100466  8554193  8898330  7441964  7457410  5985730  8571532  5045510 
"524288"   0  0  0  0  9475819  8733012  5315003  6745763  6478694  3436216  8032468  2946943  2031376 
"1048576"   0  0  0  0  6774669  4618482  7137973  5941717  2238032  8967848  3113366  7515435  4497026 
"2097152"   0  0  0  0  7298349  2678635  6853754  4099122  4803018  7332516  2931632  7038953  4082708 
"4194304"   0  0  0  0  6528982  0 
exiting iozone

