	Iozone: Performance Test of File I/O
	        Version $Revision: 3.397 $
		Compiled for 64 bit mode.
		Build: linux-AMD64 

	Contributors:William Norcott, Don Capps, Isom Crawford, Kirby Collins
	             Al Slater, Scott Rhine, Mike Wisner, Ken Goss
	             Steve Landherr, Brad Smith, Mark Kelly, Dr. Alain CYR,
	             Randy Dunlap, Mark Montague, Dan Million, Gavin Brebner,
	             Jean-Marc Zucconi, Jeff Blomberg, Benny Halevy, Dave Boone,
	             Erik Habbinga, Kris Strecker, Walter Wong, Joshua Root,
	             Fabrice Bacchella, Zhenghua Xue, Qin Li, Darren Sawyer.
	             Ben England.

	Run began: Fri May  1 13:42:44 2015

	Excel chart generation enabled
	Auto Mode
	Using maximum file size of 8388608 kilobytes.
	Command line used: /opt/iozone/bin/iozone -Ra -g 8G -b 64119_8.xls -f 64119_8.tmp
	Output is in Kbytes/sec
	Time Resolution = 0.000001 seconds.
	Processor cache size set to 1024 Kbytes.
	Processor cache line size set to 32 bytes.
	File stride size set to 17 * record size.
                                                            random  random    bkwd   record   stride                                   
              KB  reclen   write rewrite    read    reread    read   write    read  rewrite     read   fwrite frewrite   fread  freread
              64       4  718114 2203800  4897948  5735102 4274062 2298136 3541098  2892445  4988978  2133730  2298136 4564786  5283570
              64       8 1330167 2444640  7100397  7940539 5735102 2689580 4897948  3363612  6421025  2561267  2772930 6421025  7940539
              64      16 1553394 2801873  7940539  9006179 6421025 2923952 5389653  3588436  7100397  2772930  3363612 7293312  7940539
              64      32 1526887 3203069 10821524 10402178 9006179 3363612 5860307  3738358  9318832  2892445  4564786 8182586  9318832
              64      64 1330167 2892445  9318832 10821524 7940539 3057153 5860307  3363612  8182586  3203069  3165299 7100397  9318832
             128       4 1391557 2326073  5603747  5545860 4407601 2409592 4267461  3053774  4267461  2248149  2286447 5325799  5379161
             128       8 1579934 2660335  7582312  8036304 6045455 2714132 5325799  3759450  6727225  2660335  2660335 6727225  7176872
             128      16 1637771 2843510  7917784  8036304 7082197 3124872 6114306  4012317  8036304  3036502  3036502 7476717  7917784
             128      32 1705404 3036502  8548124  9129573 8036304 3277486 5325799  3982553  9129573  3380677  3657016 8548124  8548124
             128      64 1755594 3036502  9795896  9795896 8548124 3380677 7476717  4012317  9129573  2905056  5122535 8036304  9129573
             128     128 1732927 3895854 12842051 1284205110567140 4267461 8548124  4104338  9977956  4596273  4267461 9795896 10567140
             256       4 1415041 2330140  5810112  6107548 4652146 2345409 4477549  3197509  4652146  2305128  2310087 5455847  5569035
             256       8 1897721 3935921 10651598 11695808 9518507 4332998 9114515  6249745  9778562  3994490  413286410245071 11207494
             256      16 1855098 3994490 11091721 1156978310758322 4422226 9518507  6398720 12812277  4054829  419748911091721 11695808
             256      32 1610276 3087188  8888172  9192546 8271916 3207059 7735574  4496299  8815202  3275543  3421677 8815202  8815202
             256      64 2081678 4132864 12812277 13454450 9868433 457289510245071  6073004 12812277  4819184  534716811569783 12090911
             256     128 2371308 4132864 12228612 1345445011569783 465214610651598  5569035 12090911  3368013  593865011569783 11695808
             256     256 1894373 4117018 11207494 1109172111091721 4496299 9868433  4652146 11091721  4734192  449629910651598 11091721
             512       4 1695195 3372274  9468384  9638369 7647578 3393590 7410080  4927617  7309196  3299730  3325278 8528336  8808176
             512       8 1515722 2681653  7540170  7647578 6472112 2736325 6174377  4030519  6319739  2668325  2678309 7211022  7435738
             512      16 1772135 2926501  8109658  8140399 7309196 2962840 7211022  4195896  7334159  2958758  2979282 7758090  7988981
             512      32 1795846 3081897  8701110  8992598 7647578 3325278 8018812  4571003  9304292  3122224  3122224 8528336  8665997
             512      64 1882427 3104171  9468384  9510316 8808176 3415178 8528336  4701087  9814569  3239989  3325278 8528336  9145790
             512     128 1909204 3122224  8992598  9468384 8844453 3481620 8665997  4610256  9638369  3653390  3762197 9145790  8394979
             512     256 1890713 3051245  9145790  9107004 8844453 3122224 8528336  3934520  9304292  2958758  5227492 8992598  8992598
             512     512 1917728 3941742 10911694 1004408910911694 437542510044089  4457157 10434519  4271001  449447010485468 10485468
            1024       4 1821595 3304314  9220512  9300377 7420395 3355952 7472033  4783849  7319232  3271594  3200886 8662601  8680108
            1024       8 1535119 2701567  7208671  7590887 6355328 2875184 6364746  4018473  6280976  2715230  2651532 7160597  7208671
            1024      16 1824690 3794792 10878686 11018226 9946527 4126579 9832672  5536137  8988941  3684119  383545710662628 10557785
            1024      32 1547286 3010197  8680108  8474583 8246774 3425544 7986094  4854136  7811791  3121783  3103735 8610501  8593274
            1024      64 1950656 3923040 11903823 1217374711368190 428295011132462  6441107 13102174  4095102  411078011645609 11614118
            1024     128 1664841 3112733  9064828  9142007 8970167 3425544 8750850  4805258  9743447  3281592  3261656 8988941  9142007
            1024     256 1800216 2993413  8610501  8895850 8895850 3369115 8593274  4232305  8988941  3556008  3696803 8680108  8895850
            1024     512 1815435 2842832  8895850  9064828 8970167 3271594 8474583  3880507  8840915  3040026  5200941 8970167  8895850
            1024    1024 1831694 2960401  9142007  8610501 9064828 3379719 8750850  3401130  8988941  3304314  3358576 9045736  9064828
            2048       4 1472188 2378952  5769681  5868220 4531020 2423245 4676561  3276342  4531020  2287717  2306762 5461535  5416763
            2048       8 1627866 2698856  7336772  7503399 6321679 2793651 6420913  4046500  6284678  2670330  2687036 7183386  7159438
            2048      16 1969352 3736694 10289741 1067330210289741 390841410240672  5820505  9708272  3606479  2805512 7754008  7817519
            2048      32 1692329 2998435  8464610  8608824 8097557 3291407 8029434  4728042  8097557  3016334  3007884 8431376  8325147
            2048      64 1767183 3065856  8830061  8949659 8678404 3470953 8678404  4762117  8793903  3089009  3112514 8866519  8713618
            2048     128 1815744 3089009  8749118  8866519 8713618 3448657 8678404  5006356 10037248  3083465  3131805 8949659  9024882
            2048     256 2096227 3892474 10848538 1060740210401883 424864410568250  5659442 11187641  3984558  411236610780463 10555264
            2048     512 1738569 2933915  8940345  8977721 8903279 3334853 8830061  4146110  8940345  3604966  3709263 8987113  8866519
            2048    1024 1820362 2963266  8987113  9062970 8866519 3357009 8903279  3922692  8866519  2738433  4594025 9024882  8987113
            2048    2048 2155672 3962502 10834854 1083485411129659 449075111015480  4441984 11129659  4500161  450961111246230 11246230
            4096       4 1437188 2412291  8142867  9183139 7392988 3276846 7460407  5170290  7515892  3387995  2190246 5527974  5542240
            4096       8 1591199 2700046  7326777  7486415 6309619 2811391 6442115  4137927  6243125  2670249  2707279 7161842  7185807
            4096      16 2084478 4000150  7950677  8017464 7339297 3122019 7289472  4576653  7289472  2925325  2965725 7845385  7770863
            4096      32 1710153 3003050  8447153  8642630 8209013 3399392 8127459  4893426  8112108  3025260  3007782 8426437  8535284
            4096      64 1793342 3097813  8883968  9062041 8752710 3555579 8638284  4995882  8829180  3077282  3045641 8981502  8906998
            4096     128 1832752 3018351  8847367  9042961 8944095 3501232 8883968  4958393  8865630  3021005  3029528 8944095  8962759
            4096     256 1752724 2909472  8770583  8788530 8788530 3424463 8681938  4659824  9124610  3042943  3110150 8806550  8829180
            4096     512 1761711 3788446 10638969 1072531410665388 433856310725314  5580043 10725314  3977000  408771410840363 10806269
            4096    1024 1776283 2992067  8944095  9105266 9042961 3413576 8770583  4231697  9000323  3242827  3456849 9119767  9005041
            4096    2048 1803508 3000428  9183139  9183139 9062041 3387995 9042961  3908241  9124610  2617364  4271680 9042961  9163546
            4096    4096 1814748 2994153  9222577  9202815 9062041 3404782 9081201  3410188  9163546  3385325  3462422 9144037  9000323
            8192       4 1465183 2404493  5745001  5765244 4604748 2438104 4681287  3360100  4589372  2350057  3101673 8770148  8779111
            8192       8 2054786 2679789  7346838  7460092 6365501 2870294 5760412  4128880  6370221  2637415  2696402 7154097  7191531
            8192      16 1694617 2899603  9646718 1093630210151170 399587310251112  6360787 10061989  3929159  388957310668056 10751510
            8192      32 1725682 3002999  8401313  8586058 8167655 3391944 8218448  4768340  8208631  3010630  3031882 8507400  8524285
            8192      64 1776265 3797996 11836733 1197701811667913 456619611620560  6901200 11719650  4039563  4051471 8885819  9011667
            8192     128 1734481 3759762 11363077 1149229811408351 442563011393220  7062921 11222050  3813593  380852111207409 11393220
            8192     256 1756740 2957252  9416708 1079203310734715 413932510681322  5958192 10694620  3756063  2992016 8858329  8865185
            8192     512 2145096 3829746 10694620 1074814710664745 421601910738070  5468852 10707952  3792546  382463010764984 10778492
            8192    1024 1790613 3019626  8964643  9061576 9071145 3435010 8983394  4459520  8941315  2977755  3071726 8971666  8992799
            8192    2048 1796887 3010630  8828739  9052027 9073541 3430551 9030615  4264155  9071145  2971574  3123099 8895021  9052027
            8192    4096 1811190 2842512  8817411  9071145 9153307 3427813 8992799  3970936  9175306  2522962  4063449 9002223 10582628
            8192    8192 1703439 2572837  8119403  8419841 8216483 3121681 7830733  3124235  7954000  3121964  3050997 7634130  8102172
           16384       4 1868605 2176953  6858364  7649261 6540472 2834633 6524947  5207675  6442970  2954811  2895181 6930296  7433306
           16384       8 1918477 2809256  8126898  9086505 8586923 3370451 5525492  4113508  5718614  2441379  2453495 5977266  6264991
           16384      16 1610230 2370715  6514431  6963302 6821600 2771303 6535496  4406844  6758535  2659339  2494915 6478199  6901759
           16384      32 1673521 2418609  6915650  7525288 7595153 2948346 6074485  4939651  7612823  2720291  2627714 7074413  7447000
           16384      64 1711662 2401283  7145026  7758070 8147132 3371112 9592593  7245981 10638009  3492587  3249484 9541978 10258466
           16384     128 1716150 2502183  7192890  7728405 8216292 3243809 7086815  5061534  7976903  3104168  3108802 7164394  7765083
           16384     256 2028511 2959519  8414486  9157949 9906501 3664490 8813798  4554938  7098528  2562361  2451569 6986664  7695517
           16384     512 2123081 2357782  7308401  7877236 8295640 3082032 7743209  4537195  8308679  2790660  2611040 7064958  7588444
           16384    1024 1731195 2651131  7980609  9117851 9643748 3437554 8890194  5389845 10822295  2923137  2776454 8150997  9006713
           16384    2048 1719930 2357782  7320858  7702417 8027220 2939895 7571721  4385191  9106976  2456740  2318720 6622411  7317740
           16384    4096 1732854 2223945  7083163  7440550 7550092 2710741 7373488  4085628  8997280  2442854  2338844 6546080  7013761
           16384    8192 1747084 2081348  6509495  6682300 7288248 2789754 7323979  4021550  9352380  3206873  2855956 6008099  6286771
           16384   16384 1975162 2345230  4971096  5057065 5129541 2558069 4789212  2548393  4761668  2579772  2624803 4770925  5050375
           32768      64 1662524 2039583  6126148  6211984 6375072 2212268 7395232  4831606  6436274  2153108  2470599 7391652  7980519
           32768     128 1696153 2060621  6142027  6265221 6438988 2340908 6240472  5136981  6574514  2187306  2149270 6211984  6243874
           32768     256 2047879 2481304  6901692  7234845 7706220 2691197 7124952  6479666  7634731  2595302  2524882 6879582  7119047
           32768     512 1687862 2042644  6145597  6210581 6387516 2274281 6229441  5777220  7647050  2572664  2164638 6149172  6182643
           32768    1024 1742693 2395667  7184545  7574561 7911154 2759219 7347002  5938220  8104760  2505550  2489799 6299105  6312413
           32768    2048 1797673 2434667  7115730  7455810 7585431 2584225 7132717  5464811 10614845  2419197  2294825 6986595  7268515
           32768    4096 2011906 2054922  6478445  6520862 6570742 2316095 6220137  4377760  8974839  2105930  2037436 7166936  7508353
           32768    8192 1676968 1995634  6150272  6250974 6055965 2253954 5928742  3649002  7641948  2171787  2061920 5892394  6012516
           32768   16384 1601800 1892139  4200481  4242885 4197787 2176257 4123357  2443715  4151004  2387800  2613513 4086819  4195609
           65536      64 1640535 1981919  6131724  6195017 6111683 2138282 5973034  5030081  6191947  2058427  2060696 6130494  6170956
           65536     128 1674738 2017055  6155341  6212518 6188601 2255967 6054738  5094501  6263052  2089661  2075226 6179697  6190831
           65536     256 1668942 2027858  6979997  7219986 7259264 2541734 7042408  5881904  7317626  2400055  2392243 7049994  7206546
           65536     512 2017174 2465144  7117352  7220744 6191947 2315915 6069846  4653914  6282233  2110454  2117070 6183867  6164037
           65536    1024 1951692 2031050  6313110  6307026 6328954 2264553 6207888  5590948  7429573  2319863  2301046 7145103  7276945
           65536    2048 2013391 2550531  7246251  7507903 7437211 2726346 7190710  5640394  7634690  2225014  2244069 7297229  7445672
           65536    4096 1726318 2056548  6424511  6485446 6472770 2295492 6272055  4525349  9736462  2218030  1900036 6370168  6360734
           65536    8192 1689375 1977669  6887650  7021361 7085795 2599200 6026860  4773196  9567025  2127442  1823888 6694900  6945429
           65536   16384 1638354 2400495  4646912  4660542 4643615 2605186 4523190  3086684  4568521  2293883  2175685 4527212  4630161
          131072      64 1632341 1925010  6218689  6267251 6101766 2128272   10623  5059142  5985573  2012468  2042989 7843479  8010336
          131072     128 2072612 2430452  7457875  7720551 7622707 2663573 7266826  7402742  7666824  2456188  2530640 6255840  6291277
          131072     256 1690600 2557148  7253977  7381471 7378103 2698574 6060599  4896781  6181420  2088429  2092260 6129455  6170181
          131072     512 1683909 2024526  6278919  6286386 6277413 2284312 6199264  4652764  6312153  2081471  2435513 7233076  7318387
          131072    1024 2010459 2436193  7197753  7370190 7372364 2614525 7251968  6027376  7403938  2296881  2263172 7278178  7372364
          131072    2048 2034325 2463485  6423821  7187496 7423233 2639239 7293531  5359507  7464153  2194302  1913879 7114571  7426141
          131072    4096 2066822 2071760    53290  5341126 6940940 2632340 6389032  4575091  6484207  1831049  1865952   50621  5546824
          131072    8192 1925853 2003608  6125699  6264537 6238306 2274690 6072918  4088473  8224976  1749255  1767136  111446  5334441
          131072   16384 1577886 2404641  4513490  4524560 4519092 2526546 4458980  3075508  4450822  2010856  2033859 4045183  4078555
          262144      64 1801504 2349424  7741523  7981946 7752057 2502206   16051  7216025  7349145  2336335  2470119 8044433  7681436
          262144     128 1678549 2541654  6638929  7650277 7514698 2647015 7481054  7525499  7549786  2423845  2484610 7574230  7643363
          262144     256 2040827 2101758  4777622  4741342 4704662 1839337 4685655  4733972  4700539  1685445  2333132 7154794  7226174
          262144     512 2001908 2483768  7182650  7356324 7334340 2681534 7267873  5708225  7354061  2488146  2431671 7285016  7358441
          262144    1024 2075549 2523356  7202553  7374382 7366872 2678216 7281398  5479016  7396657  2269468  2313447 7315115  7387065
          262144    2048 2099150 2512475  7506540  7615569 7609613 2739773 7501829  6192415  7619844  2205295  2204318 7513260  7604561
          262144    4096 2025671 2460083  7280386  7439044 7397254 2642899 7312001  5679037  7414413  2102064  2049600 7310008  7403280
          262144    8192 2002276 2430543  6902369  7054445 6882925 2626377 6926938  5053464  7017257  1919653  1249042 4713718  4813071
          262144   16384 1612440 1950737  4245943  4223646 4221392 2194722 4221863  2573390  4207758  1717893  1740480 4219821  4234953
          524288      64 2027809 2402897  7947008  8101985 7854024 2550349 4875063  5149119  4950917  1701818  1506912 5019606  5054740
          524288     128 1756856 2091153  6248879  6298583 6181254 2192288 6199901  7386713  6238561  2023067  2027691  106487  5937916
          524288     256 2101597 2527628  4823394  4888512 4849316 1850019   56877  4652562  6554918  2065295  2070819  101583  5154792
          524288     512 1812959 2207544    78403  5453888 6710378 2340739 6346464  5191581  6695973  2102154  2098116 6251348  6827106
          524288    1024 1817857 2107343  6210161  6730773 6786275 2260349   80784  5243612  6771042  1819156  1802624  100155  3490414
          524288    2048 1802946 2117701  6278227  6831390 6751334 2018714 6054966  4985059  5959302  1624304  1635083 6541581  6889002
          524288    4096 1772081 2105007    91212  3526665 4664523 1708619 4624413  4930713  4568555  1209095  1211627  102679  5750406
          524288    8192 1757361 1606362  4465141  4558621 4534500 1748046 4431881  4022492  4414789  1353117  1352174 4416172  4539920
          524288   16384 1640999 1992423  3866143  3869599 3865661 2236732 2422459  1796885  2428159  1030584  1034143 3600760  3631532
         1048576      64 1680143 1993019  6998947  7181576 7409534 2578584 4505028  5528894  4585622  1541953  1544797   98597  4022476
         1048576     128 1787341 2161700  6983755  7237893 7054326 2355360   72747  5697639  7115891  1872674  1611260  108409  4638077
         1048576     256 1803161 1313012    95420  3584446 4393873 1642192 4370812  5135650  4411285  1543003  1577581   94341  3768316
         1048576     512 2131433 1539949  4504017  4579710 4510859 1691974 4499069  4885910  4552594  1579140  1558585  107476  3617350
         1048576    1024 1724873 2131776    97802  5250227 6650659 2258290 5984438  5084524  6725131  1816597  1785086   63227  5332414
         1048576    2048 1804420 2151145    62133  5294183 6780926 2351826  100838  5265180  5802502  2098470  1287370   95653  3612614
         1048576    4096 1893276 2159243  6519576  6639083 6626490 2695935   99151  5128840  6481165  1785047  1781395 4376562  4646009
         1048576    8192 1689534 1981900  4257968  4418869 4417697 1704295 4348573  3829017  4401661  1513885  1249661 5679825  6228664
         1048576   16384 1548056 1829465   101501  2925003 3381838 1686193   95209  2468120  2665596  1179901  1153509 2637264  2677158
         2097152      64 1686231 1953835    37879  5853631 6948880 2046820     968  5757043  7071525  2024150  2052973   32919  4348267
         2097152     128 1804639 2114245    37457  5665527 6977831 2134768    1627  3741353  2657377  1127408  1227704   65907  4740654
         2097152     256 1444139  935691    72796  3309454 5488002 2030630   16663  4852642  2713319  1327271  1615825   92615  1465469
         2097152     512  940500 2071034   108133  4367485 5705184 1468640    8201  3633771  3773730  1455870  1714767   24727  2479017
         2097152    1024  592106  531073  6425806  6445300 6433712 2165152   18818  3213544  3231538   664334  1743267   72089  4827898
         2097152    2048  956538 1261801    61236   802803 1103888  960435   14028  3090295  3064644   923670   623228   21014  2715884
         2097152    4096 1008122 1389118     3514  2818010 3347730 1438745    8540  2314767  1596102   743725  1373568    4803  2430004
         2097152    8192  832860 2057609     8119  1538298 1597982 1174095    3942  2070606  1861865   499307   947069   39949  4857734
         
iozone: interrupted

Excel output is below:

"Writer report"
        "4"  "8"  "16"  "32"  "64"  "128"  "256"  "512"  "1024"  "2048"  "4096"  "8192"  "16384"
"64"   718114  1330167  1553394  1526887  1330167 
"128"   1391557  1579934  1637771  1705404  1755594  1732927 
"256"   1415041  1897721  1855098  1610276  2081678  2371308  1894373 
"512"   1695195  1515722  1772135  1795846  1882427  1909204  1890713  1917728 
"1024"   1821595  1535119  1824690  1547286  1950656  1664841  1800216  1815435  1831694 
"2048"   1472188  1627866  1969352  1692329  1767183  1815744  2096227  1738569  1820362  2155672 
"4096"   1437188  1591199  2084478  1710153  1793342  1832752  1752724  1761711  1776283  1803508  1814748 
"8192"   1465183  2054786  1694617  1725682  1776265  1734481  1756740  2145096  1790613  1796887  1811190  1703439 
"16384"   1868605  1918477  1610230  1673521  1711662  1716150  2028511  2123081  1731195  1719930  1732854  1747084  1975162 
"32768"   0  0  0  0  1662524  1696153  2047879  1687862  1742693  1797673  2011906  1676968  1601800 
"65536"   0  0  0  0  1640535  1674738  1668942  2017174  1951692  2013391  1726318  1689375  1638354 
"131072"   0  0  0  0  1632341  2072612  1690600  1683909  2010459  2034325  2066822  1925853  1577886 
"262144"   0  0  0  0  1801504  1678549  2040827  2001908  2075549  2099150  2025671  2002276  1612440 
"524288"   0  0  0  0  2027809  1756856  2101597  1812959  1817857  1802946  1772081  1757361  1640999 
"1048576"   0  0  0  0  1680143  1787341  1803161  2131433  1724873  1804420  1893276  1689534  1548056 
"2097152"   0  0  0  0  1686231  1804639  1444139  940500  592106  956538  1008122  832860  1268829 

"Re-writer report"
        "4"  "8"  "16"  "32"  "64"  "128"  "256"  "512"  "1024"  "2048"  "4096"  "8192"  "16384"
"64"   2203800  2444640  2801873  3203069  2892445 
"128"   2326073  2660335  2843510  3036502  3036502  3895854 
"256"   2330140  3935921  3994490  3087188  4132864  4132864  4117018 
"512"   3372274  2681653  2926501  3081897  3104171  3122224  3051245  3941742 
"1024"   3304314  2701567  3794792  3010197  3923040  3112733  2993413  2842832  2960401 
"2048"   2378952  2698856  3736694  2998435  3065856  3089009  3892474  2933915  2963266  3962502 
"4096"   2412291  2700046  4000150  3003050  3097813  3018351  2909472  3788446  2992067  3000428  2994153 
"8192"   2404493  2679789  2899603  3002999  3797996  3759762  2957252  3829746  3019626  3010630  2842512  2572837 
"16384"   2176953  2809256  2370715  2418609  2401283  2502183  2959519  2357782  2651131  2357782  2223945  2081348  2345230 
"32768"   0  0  0  0  2039583  2060621  2481304  2042644  2395667  2434667  2054922  1995634  1892139 
"65536"   0  0  0  0  1981919  2017055  2027858  2465144  2031050  2550531  2056548  1977669  2400495 
"131072"   0  0  0  0  1925010  2430452  2557148  2024526  2436193  2463485  2071760  2003608  2404641 
"262144"   0  0  0  0  2349424  2541654  2101758  2483768  2523356  2512475  2460083  2430543  1950737 
"524288"   0  0  0  0  2402897  2091153  2527628  2207544  2107343  2117701  2105007  1606362  1992423 
"1048576"   0  0  0  0  1993019  2161700  1313012  1539949  2131776  2151145  2159243  1981900  1829465 
"2097152"   0  0  0  0  1953835  2114245  935691  2071034  531073  1261801  1389118  2057609  1112533 

"Reader report"
        "4"  "8"  "16"  "32"  "64"  "128"  "256"  "512"  "1024"  "2048"  "4096"  "8192"  "16384"
"64"   4897948  7100397  7940539  10821524  9318832 
"128"   5603747  7582312  7917784  8548124  9795896  12842051 
"256"   5810112  10651598  11091721  8888172  12812277  12228612  11207494 
"512"   9468384  7540170  8109658  8701110  9468384  8992598  9145790  10911694 
"1024"   9220512  7208671  10878686  8680108  11903823  9064828  8610501  8895850  9142007 
"2048"   5769681  7336772  10289741  8464610  8830061  8749118  10848538  8940345  8987113  10834854 
"4096"   8142867  7326777  7950677  8447153  8883968  8847367  8770583  10638969  8944095  9183139  9222577 
"8192"   5745001  7346838  9646718  8401313  11836733  11363077  9416708  10694620  8964643  8828739  8817411  8119403 
"16384"   6858364  8126898  6514431  6915650  7145026  7192890  8414486  7308401  7980609  7320858  7083163  6509495  4971096 
"32768"   0  0  0  0  6126148  6142027  6901692  6145597  7184545  7115730  6478445  6150272  4200481 
"65536"   0  0  0  0  6131724  6155341  6979997  7117352  6313110  7246251  6424511  6887650  4646912 
"131072"   0  0  0  0  6218689  7457875  7253977  6278919  7197753  6423821  53290  6125699  4513490 
"262144"   0  0  0  0  7741523  6638929  4777622  7182650  7202553  7506540  7280386  6902369  4245943 
"524288"   0  0  0  0  7947008  6248879  4823394  78403  6210161  6278227  91212  4465141  3866143 
"1048576"   0  0  0  0  6998947  6983755  95420  4504017  97802  62133  6519576  4257968  101501 
"2097152"   0  0  0  0  37879  37457  72796  108133  6425806  61236  3514  8119  63830 

"Re-Reader report"
        "4"  "8"  "16"  "32"  "64"  "128"  "256"  "512"  "1024"  "2048"  "4096"  "8192"  "16384"
"64"   5735102  7940539  9006179  10402178  10821524 
"128"   5545860  8036304  8036304  9129573  9795896  12842051 
"256"   6107548  11695808  11569783  9192546  13454450  13454450  11091721 
"512"   9638369  7647578  8140399  8992598  9510316  9468384  9107004  10044089 
"1024"   9300377  7590887  11018226  8474583  12173747  9142007  8895850  9064828  8610501 
"2048"   5868220  7503399  10673302  8608824  8949659  8866519  10607402  8977721  9062970  10834854 
"4096"   9183139  7486415  8017464  8642630  9062041  9042961  8788530  10725314  9105266  9183139  9202815 
"8192"   5765244  7460092  10936302  8586058  11977018  11492298  10792033  10748147  9061576  9052027  9071145  8419841 
"16384"   7649261  9086505  6963302  7525288  7758070  7728405  9157949  7877236  9117851  7702417  7440550  6682300  5057065 
"32768"   0  0  0  0  6211984  6265221  7234845  6210581  7574561  7455810  6520862  6250974  4242885 
"65536"   0  0  0  0  6195017  6212518  7219986  7220744  6307026  7507903  6485446  7021361  4660542 
"131072"   0  0  0  0  6267251  7720551  7381471  6286386  7370190  7187496  5341126  6264537  4524560 
"262144"   0  0  0  0  7981946  7650277  4741342  7356324  7374382  7615569  7439044  7054445  4223646 
"524288"   0  0  0  0  8101985  6298583  4888512  5453888  6730773  6831390  3526665  4558621  3869599 
"1048576"   0  0  0  0  7181576  7237893  3584446  4579710  5250227  5294183  6639083  4418869  2925003 
"2097152"   0  0  0  0  5853631  5665527  3309454  4367485  6445300  802803  2818010  1538298  1866482 

"Random read report"
        "4"  "8"  "16"  "32"  "64"  "128"  "256"  "512"  "1024"  "2048"  "4096"  "8192"  "16384"
"64"   4274062  5735102  6421025  9006179  7940539 
"128"   4407601  6045455  7082197  8036304  8548124  10567140 
"256"   4652146  9518507  10758322  8271916  9868433  11569783  11091721 
"512"   7647578  6472112  7309196  7647578  8808176  8844453  8844453  10911694 
"1024"   7420395  6355328  9946527  8246774  11368190  8970167  8895850  8970167  9064828 
"2048"   4531020  6321679  10289741  8097557  8678404  8713618  10401883  8903279  8866519  11129659 
"4096"   7392988  6309619  7339297  8209013  8752710  8944095  8788530  10665388  9042961  9062041  9062041 
"8192"   4604748  6365501  10151170  8167655  11667913  11408351  10734715  10664745  9071145  9073541  9153307  8216483 
"16384"   6540472  8586923  6821600  7595153  8147132  8216292  9906501  8295640  9643748  8027220  7550092  7288248  5129541 
"32768"   0  0  0  0  6375072  6438988  7706220  6387516  7911154  7585431  6570742  6055965  4197787 
"65536"   0  0  0  0  6111683  6188601  7259264  6191947  6328954  7437211  6472770  7085795  4643615 
"131072"   0  0  0  0  6101766  7622707  7378103  6277413  7372364  7423233  6940940  6238306  4519092 
"262144"   0  0  0  0  7752057  7514698  4704662  7334340  7366872  7609613  7397254  6882925  4221392 
"524288"   0  0  0  0  7854024  6181254  4849316  6710378  6786275  6751334  4664523  4534500  3865661 
"1048576"   0  0  0  0  7409534  7054326  4393873  4510859  6650659  6780926  6626490  4417697  3381838 
"2097152"   0  0  0  0  6948880  6977831  5488002  5705184  6433712  1103888  3347730  1597982  2893689 

"Random write report"
        "4"  "8"  "16"  "32"  "64"  "128"  "256"  "512"  "1024"  "2048"  "4096"  "8192"  "16384"
"64"   2298136  2689580  2923952  3363612  3057153 
"128"   2409592  2714132  3124872  3277486  3380677  4267461 
"256"   2345409  4332998  4422226  3207059  4572895  4652146  4496299 
"512"   3393590  2736325  2962840  3325278  3415178  3481620  3122224  4375425 
"1024"   3355952  2875184  4126579  3425544  4282950  3425544  3369115  3271594  3379719 
"2048"   2423245  2793651  3908414  3291407  3470953  3448657  4248644  3334853  3357009  4490751 
"4096"   3276846  2811391  3122019  3399392  3555579  3501232  3424463  4338563  3413576  3387995  3404782 
"8192"   2438104  2870294  3995873  3391944  4566196  4425630  4139325  4216019  3435010  3430551  3427813  3121681 
"16384"   2834633  3370451  2771303  2948346  3371112  3243809  3664490  3082032  3437554  2939895  2710741  2789754  2558069 
"32768"   0  0  0  0  2212268  2340908  2691197  2274281  2759219  2584225  2316095  2253954  2176257 
"65536"   0  0  0  0  2138282  2255967  2541734  2315915  2264553  2726346  2295492  2599200  2605186 
"131072"   0  0  0  0  2128272  2663573  2698574  2284312  2614525  2639239  2632340  2274690  2526546 
"262144"   0  0  0  0  2502206  2647015  1839337  2681534  2678216  2739773  2642899  2626377  2194722 
"524288"   0  0  0  0  2550349  2192288  1850019  2340739  2260349  2018714  1708619  1748046  2236732 
"1048576"   0  0  0  0  2578584  2355360  1642192  1691974  2258290  2351826  2695935  1704295  1686193 
"2097152"   0  0  0  0  2046820  2134768  2030630  1468640  2165152  960435  1438745  1174095  1051527 

"Backward read report"
        "4"  "8"  "16"  "32"  "64"  "128"  "256"  "512"  "1024"  "2048"  "4096"  "8192"  "16384"
"64"   3541098  4897948  5389653  5860307  5860307 
"128"   4267461  5325799  6114306  5325799  7476717  8548124 
"256"   4477549  9114515  9518507  7735574  10245071  10651598  9868433 
"512"   7410080  6174377  7211022  8018812  8528336  8665997  8528336  10044089 
"1024"   7472033  6364746  9832672  7986094  11132462  8750850  8593274  8474583  8750850 
"2048"   4676561  6420913  10240672  8029434  8678404  8678404  10568250  8830061  8903279  11015480 
"4096"   7460407  6442115  7289472  8127459  8638284  8883968  8681938  10725314  8770583  9042961  9081201 
"8192"   4681287  5760412  10251112  8218448  11620560  11393220  10681322  10738070  8983394  9030615  8992799  7830733 
"16384"   6524947  5525492  6535496  6074485  9592593  7086815  8813798  7743209  8890194  7571721  7373488  7323979  4789212 
"32768"   0  0  0  0  7395232  6240472  7124952  6229441  7347002  7132717  6220137  5928742  4123357 
"65536"   0  0  0  0  5973034  6054738  7042408  6069846  6207888  7190710  6272055  6026860  4523190 
"131072"   0  0  0  0  10623  7266826  6060599  6199264  7251968  7293531  6389032  6072918  4458980 
"262144"   0  0  0  0  16051  7481054  4685655  7267873  7281398  7501829  7312001  6926938  4221863 
"524288"   0  0  0  0  4875063  6199901  56877  6346464  80784  6054966  4624413  4431881  2422459 
"1048576"   0  0  0  0  4505028  72747  4370812  4499069  5984438  100838  99151  4348573  95209 
"2097152"   0  0  0  0  968  1627  16663  8201  18818  14028  8540  3942  2932669 

"Record rewrite report"
        "4"  "8"  "16"  "32"  "64"  "128"  "256"  "512"  "1024"  "2048"  "4096"  "8192"  "16384"
"64"   2892445  3363612  3588436  3738358  3363612 
"128"   3053774  3759450  4012317  3982553  4012317  4104338 
"256"   3197509  6249745  6398720  4496299  6073004  5569035  4652146 
"512"   4927617  4030519  4195896  4571003  4701087  4610256  3934520  4457157 
"1024"   4783849  4018473  5536137  4854136  6441107  4805258  4232305  3880507  3401130 
"2048"   3276342  4046500  5820505  4728042  4762117  5006356  5659442  4146110  3922692  4441984 
"4096"   5170290  4137927  4576653  4893426  4995882  4958393  4659824  5580043  4231697  3908241  3410188 
"8192"   3360100  4128880  6360787  4768340  6901200  7062921  5958192  5468852  4459520  4264155  3970936  3124235 
"16384"   5207675  4113508  4406844  4939651  7245981  5061534  4554938  4537195  5389845  4385191  4085628  4021550  2548393 
"32768"   0  0  0  0  4831606  5136981  6479666  5777220  5938220  5464811  4377760  3649002  2443715 
"65536"   0  0  0  0  5030081  5094501  5881904  4653914  5590948  5640394  4525349  4773196  3086684 
"131072"   0  0  0  0  5059142  7402742  4896781  4652764  6027376  5359507  4575091  4088473  3075508 
"262144"   0  0  0  0  7216025  7525499  4733972  5708225  5479016  6192415  5679037  5053464  2573390 
"524288"   0  0  0  0  5149119  7386713  4652562  5191581  5243612  4985059  4930713  4022492  1796885 
"1048576"   0  0  0  0  5528894  5697639  5135650  4885910  5084524  5265180  5128840  3829017  2468120 
"2097152"   0  0  0  0  5757043  3741353  4852642  3633771  3213544  3090295  2314767  2070606  1590305 

"Stride read report"
        "4"  "8"  "16"  "32"  "64"  "128"  "256"  "512"  "1024"  "2048"  "4096"  "8192"  "16384"
"64"   4988978  6421025  7100397  9318832  8182586 
"128"   4267461  6727225  8036304  9129573  9129573  9977956 
"256"   4652146  9778562  12812277  8815202  12812277  12090911  11091721 
"512"   7309196  6319739  7334159  9304292  9814569  9638369  9304292  10434519 
"1024"   7319232  6280976  8988941  7811791  13102174  9743447  8988941  8840915  8988941 
"2048"   4531020  6284678  9708272  8097557  8793903  10037248  11187641  8940345  8866519  11129659 
"4096"   7515892  6243125  7289472  8112108  8829180  8865630  9124610  10725314  9000323  9124610  9163546 
"8192"   4589372  6370221  10061989  8208631  11719650  11222050  10694620  10707952  8941315  9071145  9175306  7954000 
"16384"   6442970  5718614  6758535  7612823  10638009  7976903  7098528  8308679  10822295  9106976  8997280  9352380  4761668 
"32768"   0  0  0  0  6436274  6574514  7634731  7647050  8104760  10614845  8974839  7641948  4151004 
"65536"   0  0  0  0  6191947  6263052  7317626  6282233  7429573  7634690  9736462  9567025  4568521 
"131072"   0  0  0  0  5985573  7666824  6181420  6312153  7403938  7464153  6484207  8224976  4450822 
"262144"   0  0  0  0  7349145  7549786  4700539  7354061  7396657  7619844  7414413  7017257  4207758 
"524288"   0  0  0  0  4950917  6238561  6554918  6695973  6771042  5959302  4568555  4414789  2428159 
"1048576"   0  0  0  0  4585622  7115891  4411285  4552594  6725131  5802502  6481165  4401661  2665596 
"2097152"   0  0  0  0  7071525  2657377  2713319  3773730  3231538  3064644  1596102  1861865  3634144 

"Fwrite report"
        "4"  "8"  "16"  "32"  "64"  "128"  "256"  "512"  "1024"  "2048"  "4096"  "8192"  "16384"
"64"   2133730  2561267  2772930  2892445  3203069 
"128"   2248149  2660335  3036502  3380677  2905056  4596273 
"256"   2305128  3994490  4054829  3275543  4819184  3368013  4734192 
"512"   3299730  2668325  2958758  3122224  3239989  3653390  2958758  4271001 
"1024"   3271594  2715230  3684119  3121783  4095102  3281592  3556008  3040026  3304314 
"2048"   2287717  2670330  3606479  3016334  3089009  3083465  3984558  3604966  2738433  4500161 
"4096"   3387995  2670249  2925325  3025260  3077282  3021005  3042943  3977000  3242827  2617364  3385325 
"8192"   2350057  2637415  3929159  3010630  4039563  3813593  3756063  3792546  2977755  2971574  2522962  3121964 
"16384"   2954811  2441379  2659339  2720291  3492587  3104168  2562361  2790660  2923137  2456740  2442854  3206873  2579772 
"32768"   0  0  0  0  2153108  2187306  2595302  2572664  2505550  2419197  2105930  2171787  2387800 
"65536"   0  0  0  0  2058427  2089661  2400055  2110454  2319863  2225014  2218030  2127442  2293883 
"131072"   0  0  0  0  2012468  2456188  2088429  2081471  2296881  2194302  1831049  1749255  2010856 
"262144"   0  0  0  0  2336335  2423845  1685445  2488146  2269468  2205295  2102064  1919653  1717893 
"524288"   0  0  0  0  1701818  2023067  2065295  2102154  1819156  1624304  1209095  1353117  1030584 
"1048576"   0  0  0  0  1541953  1872674  1543003  1579140  1816597  2098470  1785047  1513885  1179901 
"2097152"   0  0  0  0  2024150  1127408  1327271  1455870  664334  923670  743725  499307  1342428 

"Re-Fwrite report"
        "4"  "8"  "16"  "32"  "64"  "128"  "256"  "512"  "1024"  "2048"  "4096"  "8192"  "16384"
"64"   2298136  2772930  3363612  4564786  3165299 
"128"   2286447  2660335  3036502  3657016  5122535  4267461 
"256"   2310087  4132864  4197489  3421677  5347168  5938650  4496299 
"512"   3325278  2678309  2979282  3122224  3325278  3762197  5227492  4494470 
"1024"   3200886  2651532  3835457  3103735  4110780  3261656  3696803  5200941  3358576 
"2048"   2306762  2687036  2805512  3007884  3112514  3131805  4112366  3709263  4594025  4509611 
"4096"   2190246  2707279  2965725  3007782  3045641  3029528  3110150  4087714  3456849  4271680  3462422 
"8192"   3101673  2696402  3889573  3031882  4051471  3808521  2992016  3824630  3071726  3123099  4063449  3050997 
"16384"   2895181  2453495  2494915  2627714  3249484  3108802  2451569  2611040  2776454  2318720  2338844  2855956  2624803 
"32768"   0  0  0  0  2470599  2149270  2524882  2164638  2489799  2294825  2037436  2061920  2613513 
"65536"   0  0  0  0  2060696  2075226  2392243  2117070  2301046  2244069  1900036  1823888  2175685 
"131072"   0  0  0  0  2042989  2530640  2092260  2435513  2263172  1913879  1865952  1767136  2033859 
"262144"   0  0  0  0  2470119  2484610  2333132  2431671  2313447  2204318  2049600  1249042  1740480 
"524288"   0  0  0  0  1506912  2027691  2070819  2098116  1802624  1635083  1211627  1352174  1034143 
"1048576"   0  0  0  0  1544797  1611260  1577581  1558585  1785086  1287370  1781395  1249661  1153509 
"2097152"   0  0  0  0  2052973  1227704  1615825  1714767  1743267  623228  1373568  947069  770521 

"Fread report"
        "4"  "8"  "16"  "32"  "64"  "128"  "256"  "512"  "1024"  "2048"  "4096"  "8192"  "16384"
"64"   4564786  6421025  7293312  8182586  7100397 
"128"   5325799  6727225  7476717  8548124  8036304  9795896 
"256"   5455847  10245071  11091721  8815202  11569783  11569783  10651598 
"512"   8528336  7211022  7758090  8528336  8528336  9145790  8992598  10485468 
"1024"   8662601  7160597  10662628  8610501  11645609  8988941  8680108  8970167  9045736 
"2048"   5461535  7183386  7754008  8431376  8866519  8949659  10780463  8987113  9024882  11246230 
"4096"   5527974  7161842  7845385  8426437  8981502  8944095  8806550  10840363  9119767  9042961  9144037 
"8192"   8770148  7154097  10668056  8507400  8885819  11207409  8858329  10764984  8971666  8895021  9002223  7634130 
"16384"   6930296  5977266  6478199  7074413  9541978  7164394  6986664  7064958  8150997  6622411  6546080  6008099  4770925 
"32768"   0  0  0  0  7391652  6211984  6879582  6149172  6299105  6986595  7166936  5892394  4086819 
"65536"   0  0  0  0  6130494  6179697  7049994  6183867  7145103  7297229  6370168  6694900  4527212 
"131072"   0  0  0  0  7843479  6255840  6129455  7233076  7278178  7114571  50621  111446  4045183 
"262144"   0  0  0  0  8044433  7574230  7154794  7285016  7315115  7513260  7310008  4713718  4219821 
"524288"   0  0  0  0  5019606  106487  101583  6251348  100155  6541581  102679  4416172  3600760 
"1048576"   0  0  0  0  98597  108409  94341  107476  63227  95653  4376562  5679825  2637264 
"2097152"   0  0  0  0  32919  65907  92615  24727  72089  21014  4803  39949  0 

"Re-Fread report"
        "4"  "8"  "16"  "32"  "64"  "128"  "256"  "512"  "1024"  "2048"  "4096"  "8192"  "16384"
"64"   5283570  7940539  7940539  9318832  9318832 
"128"   5379161  7176872  7917784  8548124  9129573  10567140 
"256"   5569035  11207494  11695808  8815202  12090911  11695808  11091721 
"512"   8808176  7435738  7988981  8665997  9145790  8394979  8992598  10485468 
"1024"   8680108  7208671  10557785  8593274  11614118  9142007  8895850  8895850  9064828 
"2048"   5416763  7159438  7817519  8325147  8713618  9024882  10555264  8866519  8987113  11246230 
"4096"   5542240  7185807  7770863  8535284  8906998  8962759  8829180  10806269  9005041  9163546  9000323 
"8192"   8779111  7191531  10751510  8524285  9011667  11393220  8865185  10778492  8992799  9052027  10582628  8102172 
"16384"   7433306  6264991  6901759  7447000  10258466  7765083  7695517  7588444  9006713  7317740  7013761  6286771  5050375 
"32768"   0  0  0  0  7980519  6243874  7119047  6182643  6312413  7268515  7508353  6012516  4195609 
"65536"   0  0  0  0  6170956  6190831  7206546  6164037  7276945  7445672  6360734  6945429  4630161 
"131072"   0  0  0  0  8010336  6291277  6170181  7318387  7372364  7426141  5546824  5334441  4078555 
"262144"   0  0  0  0  7681436  7643363  7226174  7358441  7387065  7604561  7403280  4813071  4234953 
"524288"   0  0  0  0  5054740  5937916  5154792  6827106  3490414  6889002  5750406  4539920  3631532 
"1048576"   0  0  0  0  4022476  4638077  3768316  3617350  5332414  3612614  4646009  6228664  2677158 
"2097152"   0  0  0  0  4348267  4740654  1465469  2479017  4827898  2715884  2430004  4857734  0 
exiting iozone

