	Iozone: Performance Test of File I/O
	        Version $Revision: 3.397 $
		Compiled for 64 bit mode.
		Build: linux-AMD64 

	Contributors:William Norcott, Don Capps, Isom Crawford, Kirby Collins
	             Al Slater, Scott Rhine, Mike Wisner, Ken Goss
	             Steve Landherr, Brad Smith, Mark Kelly, Dr. Alain CYR,
	             Randy Dunlap, Mark Montague, Dan Million, Gavin Brebner,
	             Jean-Marc Zucconi, Jeff Blomberg, Benny Halevy, Dave Boone,
	             Erik Habbinga, Kris Strecker, Walter Wong, Joshua Root,
	             Fabrice Bacchella, Zhenghua Xue, Qin Li, Darren Sawyer.
	             Ben England.

	Run began: Fri May  1 05:47:55 2015

	Excel chart generation enabled
	Auto Mode
	Using maximum file size of 8388608 kilobytes.
	Command line used: /opt/iozone/bin/iozone -Ra -g 8G -b 432_8.xls -f 432.tmp
	Output is in Kbytes/sec
	Time Resolution = 0.000001 seconds.
	Processor cache size set to 1024 Kbytes.
	Processor cache line size set to 32 bytes.
	File stride size set to 17 * record size.
                                                            random  random    bkwd   record   stride                                   
              KB  reclen   write rewrite    read    reread    read   write    read  rewrite     read   fwrite frewrite   fread  freread
              64       4  801764 1452528  3057153  4018152 3057153 1452528 2067979  2133730  3738358  1492919  1421755 2358717  4018152
              64       8 1083249 1421755  4274062  4897948 4018152 1638743 3057153  2561267  4897948  1933893  1562436 4018152  4018152
              64      16 1101022 1638743  4207076  4564786 3791156 1828508 2662899  2067979  3958892  1892980  1879725 4274062  4897948
              64      32 1183548 1734015  4564786  4988978 4018152 1780008 3363612  2561267  3791156  1892980  2379626 4274062  4564786
              64      64 1232453 1734015  6421025  7293312 4643754 2278628 2923952  2278628  3738358  2067979  1780008 3738358  4988978
             128       4 1133103 1467639  4104338  4135958 3124872 1598754 2969325  2098744  3053774  1710838  1561553 3759450  4407601
             128       8 1254941 1373754  4557257  5847904 3657016 1905110 3759450  3036502  5847904  2066432  1778862 4135958  5545860
             128      16 1291158 1684006  5122535  6114306 4104338 1967960 3106789  2464907  4407601  2098744  2035099 4557257  4407601
             128      32 1209698 1727352  4889281  4889281 5325799 2367096 3445772  2367096  5545860  2238774  2248149 4934216  4759253
             128      64 1346196 1939522  4934216  6727225 5603747 2558895 4267461  2920861  5545860  2175277  2905056 4889281  5122535
             128     128 1440082 1905110  5784891  5784891 5545860 2511022 4267461  2367096  4889281  2326073  2166499 4407601  5847904
             256       4 1208072 1579483  4197489  4734192 3197509 1729594 2880164  2205688  3197509  1817419  1610276 3879045  4404088
             256       8 1339154 1707589  4652146  5810112 3823789 2118645 3935921  2935279  4070199  2081678  1839210 4907284  4929815
             256      16 1248819 1752173  4197489  4819184 4132864 2131261 3421677  2726577  5971678  2170027  1871263 4264168  5810112
             256      32 1391207 1942349  5455847  5217259 4755158 2285501 3705040  3197509  6107548  2285501  2034350 4197489  5022044
             256      64 1384034 1907837  5022044  5810112 5687020 2392442 4132864  3275543  4929815  2783115  2533571 4422226  5347168
             256     128 1463250 2030503  5347168  5142301 5217259 2639446 4132864  2975955  5810112  2247235  3326279 4840911  5022044
             256     256 1407621 1842366  5810112  5971678 5687020 2533571 3879045  2486631  4755158  2419396  2285501 4197489  5022044
             512       4 1187895 1594501  3905895  4123387 3140488 1740536 3220553  2275345  3459188  1789859  1595686 3659616  4457157
             512       8 1258188 1764853  4305250  4916336 4742616 2114069 4000485  3099691  4701087  2039772  1848401 4331300  5566231
             512      16 1289930 1848401  4742616  5870558 4916336 2370799 3659616  3372274  4131319  2141475  1910902 3905895  4494470
             512      32 1380303 1856390  4784885  6018636 5566231 2486072 3736016  2845081  4701087  2253852  1999881 3941742  4973263
             512      64 1501940 2160868  5115422  6086873 5439343 2609952 5384786  3905895  5509113  2572435  2187279 4411377  7115451
             512     128 1493584 2116152  5127637  6472112 5822804 2722449 4532414  3304808  5566231  2958758  2753870 4532414  6931711
             512     256 1467055 1961520  5886650  6736026 5951911 2722449 4650188  2958758  5639315  2474613  3409755 4916336  5951911
             512     512 1524329 2081286  6736026  6821616 6246213 2638816 4784885  2891043  5019764  2906696  2405320 5067142  6821616
            1024       4 1323236 1741104  4215688  4995276 3877004 2028027 3544270  2723840  3835457  2052253  1744641 4064103  5200941
            1024       8 1429841 1964935  4920874  6733974 5042191 2467229 4249053  3764854  5593820  2419964  2000631 4805258  5720477
            1024      16 1208894 2027069  5120336  5660167 5120336 2565989 4470172  3891053  5853003  2503178  2007176 4674510  6569179
            1024      32 1512415 2019445  5042191  7113161 6402699 2813041 4614246  3880507  6059442  2485792  2128533 4949226  5813392
            1024      64 1521524 2110750  5245404  6441107 5444898 2884840 4805258  4018473  6172653  2619192  2211841 5018624  7160597
            1024     128 1587315 2192645  5284125  6650556 6280976 2852271 5048117  4095102  7160597  2730767  2284793 5169641  6441107
            1024     256 1548960 2150918  5390231  6733974 6609617 2852271 5042191  3541348  6402699  2884840  2640123 5169641  6327241
            1024     512 1551758 2188177  5751117  6830356 6733974 2782064 5144870  3179559  5983467  2547723  3618930 5200941  6529233
            1024    1024 1565332 2142335  6819511  6519323 6787181 2767722 5277632  2910252  5444898  2852271  2497356 5200941  6776473
            2048       4 1335955 1784066  4301837  5159722 3901313 2096227 3549844  2998435  3938881  2056087  1754908 4327846  4923146
            2048       8 1461667 1972971  5144271  6243566 5071381 2467800 4531020  3710866  5264067  2359349  1982533 5147354  6037320
            2048      16 1503891 2054612  4957240  6075753 5197183 2656292 4728042  3791117  5376082  2482779  2070459 5092426  6261772
            2048      32 1531781 2137966  5209791  6588354 6041567 2914009 4741090  3984558  5900467  2513289  2120549 5032754  6243566
            2048      64 1577928 2169829  5159722  6649556 6583305 2968386 5135046  4154130  6024617  2592166  2202092 5280246  6459541
            2048     128 1565847 2190300  5416763  6802261 6479029 3033377 5009275  4138120  7165410  2579710  2243502 5674397  6543188
            2048     256 1597590 2199836  5447681  6479029 6503556 2925920 4666399  3195891  6041567  2338157  2115327 4875642  5800851
            2048     512 1427182 1955900  5009275  5884299 5704543 2469929 4751580  2968386  5461535  2573527  2426668 4864597  5754221
            2048    1024 1433135 1971160  5159722  5820505 5884299 2482779 4707314  2840769  5156624  2146514  3006831 4785996  5904523
            2048    2048 1434331 1972971  5750369  5920802 5769681 2488533 4697018  2512554  4997618  2497941  2258247 4853603  5836323
            4096       4 1198388 1588844  4059701  4597474 3498380 1814173 3155856  2574609  3424463  1793342  1571117 3744681  4404184
            4096       8 1330246 1786256  4851966  5238075 4691638 2195003 4167033  3385325  4686519  2115798  1818782 4791076  5504946
            4096      16 1379155 1850121  4784405  4893426 4984287 2377242 4311344  3477139  5159420  2183565  1871892 4404184  5649775
            4096      32 1422786 1941270  4807163  6041154 5618365 2533229 4446359  3513405  5347310  2235854  1925604 4718699  5867831
            4096      64 1432275 1985238  4946971  5910222 6060333 2630589 4935601  3717133  5178081  2261757  1986386 4869845  6140479
            4096     128 1463386 2018594  5044289  6030551 5841891 2691164 4763181  3785107  5535098  2216526  2018832 4941279  5504946
            4096     256 1478626 2002127  4904602  5818150 5777065 2582737 4761860  3324403  5113352  1818012  2008917 4824714  5689064
            4096     512 1444802 1982489  4917236  5810280 5784846 2487022 4791076  3131124  5618365  2323234  2129963 4899008  5826043
            4096    1024 1482965 2030764  5127086  5792648 5784846 2574609 4819300  3070133  5556581  2421130  2226004 4900405  5784846
            4096    2048 1471281 2014570  5325760  5826043 5786794 2566149 4842392  2923832  5339001  2161586  2862450 4875373  5777065
            4096    4096 1463884 2009857  5792648  5833956 5784846 2522072 4756587  2514321  4847858  2528382  2271626 4893426  5633102
            8192       4 1241194 1566662  4085675  4361587 3583691 1759078 3259997  2653711  3394960  1761332  1585750 3949937  4229512
            8192       8 1351372 1798486  4798976  5424817 4607836 2122307 4224832  3306108  4607836  2039903  1806049 4875931  5231540
            8192      16 1379365 1844540  4926264  5404339 5004472 2280038 4390007  3420647  4988488  2063052  1850002 4681287  5274909
            8192      32 1431428 1938948  5126937  5486317 5053790 2461686 4681287  3574371  5527801  2148987  1907305 4531269  5615432
            8192      64 1462315 1983039  5271672  5756551 5825851 2559231 4776959  3713439  5411147  2207527  1956058 4873164  5353814
            8192     128 1480588 1980638  4681287  5558204 5732541 2557516 4873164  3784193  5637544  2167833  1949067 4264684  4746603
            8192     256 1479250 1989238  4836126  5442863 5621863 2494571 4738094  3415886  5565406  2127695  1973472 4796296  5368872
            8192     512 1480844 1981666  4917099  5454094 5607184 2452549 4807705  3226325  5696426  2165920  2011834 4833405  5364680
            8192    1024 1466809 1962202  4985593  5421393 5649594 2412935 4827971  3196015  5680416  2049516  1966356 4859380  5336352
            8192    2048 1465496 1956058  5053790  5323125 5347148 2362824 4801658  3031882  5538493  2186873  2074011 4784941  5149219
            8192    4096 1485389 1954722  5110922  5299316 5019093 2282007 4680649  2795791  5218033  2123356  2863357 4618365  4862131
            8192    8192 1406583 1815976  4280090  4359927 4275297 2080289 4216536  2087113  4242044  2089270  2098457 4242044  4271046
           16384       4 1248201 1560500  4009817  3907445 3153165 1548719 3141058  2554360  3129757  1604852  1556365 3782902  3690863
           16384       8 1363838 1725544  4749163  4611177 4204361 1826732 4033589  3382229  4115479  1821888  1754533 4678356  4538393
           16384      16 1412533 1813188  4773907  4603454 4454838 1959114 4375975  3484618  4419598  1893421  1848152 4671678  4500055
           16384      32 1452480 1900438  4764309  4825871 4864473 2097036 4632313  3641576  4805959  1944699  1883664 4765631  4787877
           16384      64 1486604 1935007  5067506  4929022 5039634 2175506 4858970  3782902  4954609  2000287  1926652 4877594  4870334
           16384     128 1491476 1962863  4872061  4786543 4967862 2245308 4787877  3822674  4924430  1977322  1927517 4837421  4741954
           16384     256 1508666 1968768  4703976  4628258 4779552 2212560 4611486  3563215  4893920  1951880  1879285 4670408  4452241
           16384     512 1490958 1941019  4707843  4647979 4883486 2233413 4142770  2803983  4978299  1955101  1957886 4713656  4655852
           16384    1024 1515052 1928220  4818765  4725649 4837421 2222794 4671995  3282076  5769022  1860964  1815199 4646408  4561287
           16384    2048 1507938 1920997  4755737  4638880 4868954 2201855 4557355  3194352  5702953  1873087  1805423 4628258  4498582
           16384    4096 1475369 1913349  4789212  4761338 4588087 2164883 4584108  2969751  5420027  2048465  2013474 4562499  4539892
           16384    8192 1412765 1773368  3994202  4089031 4011924 2013238 3946037  2240988  4099276  2319659  2683745 3969973  3995131
           16384   16384 1350915 1683318  3710193  3737230 3721847 1897394 3669382  1914201  3609632  1914681  1903596 3560999  3674287
           32768      64 1494684 1908667  4801896  4801896 4745524 2081436 4697995  3832994  4655821  1907872  1913903 4829399  4760646
           32768     128 1512482 1939042  4559442  4649836 4632127 2120225 4558686  3902874  4655190  1882807  1862144 4714109  4617809
           32768     256 1512548 1932064  4638850  4542264 4546020 2141267 4533424  3594979  4579038  1862573  1859499 4584843  4513475
           32768     512 1501674 1905571  4659926  4572031 4584996 2146349 4586832  3327029  4638850  1863811  1882807 4641356  4549782
           32768    1024 1497681 1922658  4691100  4574618 4635408 2139200 4632127  3368782  4691100  1725800  1746036 4609909  4560047
           32768    2048 1511849 1929000  4613933  4650622 4646692 2148027 4507258  3314193  5781108  1717325  1704187 4576598  4547223
           32768    4096 1501936 1894747  4653299  4659926 4581022 2147758 4550385  3171487  5572947  1769802  1754842 4537915  4547374
           32768    8192 1412908 1764077  3866857  3934155 3896346 1979224 3845112  2362354  4008859  1939179  1942715 3837061  3902320
           32768   16384 1378417 1722447  3697099  3708071 3705472 1912225 3682241  2123763  3676036  2190234  2529017 3964683  3973279
           65536      64 1687373 2130146  5448650  5416654 5298360 2346439 4735942  3860763  4725033  1876315  1890016 4813568  4795931
           65536     128 1511091 1951581  4722354  4731214 4690204 2153240 4689244  3711416  4691805  1858440  1884302 4059227  4682773
           65536     256 1517465 1940531  4626966  4595482 4575593 2155435 4547359  3464957  4583910  1849836  1852192 4608040  4582611
           65536     512 1527712 1898540  4597404  4623697 4616165 2157634 4608349  3377467  4624630  1863935  1866542 4627277  4612989
           65536    1024 1509424 1903299  4665130  4662123 4653914 2139114 4634767  3291130  4664813  1703561  1701168 4605415  4640636
           65536    2048 1520310 1943935  4640087  4688844 4675445 2187076 4681417  3333437  4664813  1667414  1675300 4633517  4651551
           65536    4096 1503044 1906282  4627589  4667189 4613918 2130905 4579405  3232686  5676151  1660404  1647003 4577498  4601252
           65536    8192 1421087 1758736  3850757  3893796 3883838 1969761 3856160  2405432  3980057  1714335  1715908 3865758  3877428
           65536   16384 1392458 1736098  3717741  3726157 3721113 1939450 3737455  2230630  3662655  1904552  1915301 3707811  3719602
          131072      64 1513462 1934038  4898788  4936442 4773188 2083751 4729293  3814998  4761942  1906195  1882191 5494766  5466084
          131072     128 1739228 2001223  4766277  4839663 4761571 2176623 4568248  3922322  4747262  1893504  1894267 4801327  4838215
          131072     256 1537572 1908140  4545585  4667657 4635619 2187884 4532244  3625883  4609693  1861315  1875053 4663974  4661483
          131072     512 1522832 1977881  4723117  4699779 4671147 2187779 4686318  3449907  4667499  1867333  2122832 4685000  4681808
          131072    1024 1544224 1988649  4740712  4722630 4719914 2203113 4728805  3420372  4699779  1718256  1704601 5245621  5214474
          131072    2048 1748677 1977042  4673967  4769916 4717200 2206970 4709079  3401916  4713116  1658594  1659791 4694041  4724863
          131072    4096 1539144 1979163  4677466  4716836 4678501 2197978 4559344  3252804  4681649  1628241  1786035 5104804  5163781
          131072    8192 1436452 1773544  3880625  3883833 3880187 1959021 3887540  2428788  4267236  1787650  1781596 3837902  3875701
          131072   16384 1407937 1743160  3712138  3736916 3732553 1940544 3736993  2297572  3678383  1704067  1689119 3728199  3728527
          262144      64 1534540 1971391  4996739  5015200 4847084 2144606 4885832  3898924  4795104  1923441  1921259 4939320  4990276
          262144     128 1548135 2240952  4903569  4907793 4818365 2186830 5382064  4625319  5122303  1908192  1896243 4872300  4909151
          262144     256 1550302 2209630  4681306  4704159 4657195 2197701 4683998  3597315  4651973  1875151  2104103 4721106  4712708
          262144     512 1561414 1968490  4745537  4753374 4724778 2207620 4733035  3451312  4710325  1884274  1871532 4724169  4741689
          262144    1024 1559713 2249871  4777975  4761216 4759835 2217218 5270812  3948958  5257178  1914102  1914312 5196945  5273366
          262144    2048 1556434 1999876  4773205  4797028 4781466 2220805 5247919  3951811  5242464  1823291  1803560 4740913  4777726
          262144    4096 1542613 2209630  4725874  4762536 4729106 2200727 4695220  3208296  4735440  1615791  1775488 4684238  4742630
          262144    8192 1447981 1787623  3883789  3871508 3856936 1995904 4110511  2651720  3942614  1595072  1600302 3855340  3867573
          262144   16384 1431275 1985954  3747536  3757808 3745660 1974329 3993420  2546369  3952294  1775875  1765470 3746949  3752960
          524288      64 1554168 1954183  5051384  5067635 4875971 2112489 4912977  3881772  4869072  1920603  1928174  113090  4046675
          524288     128 1539628 1987807  4984674  4979753 4858476 2191308 4874242  3985587  4855504  1919006  1882751 4956251  4972288
          524288     256 1538543 1979363  4755058  4763308 4718460 2199204 4749071  3686742  4703563  1858630  1861574 4753547  4760111
          524288     512 1565305 1980433  4762617  4761534 4740696 2196798 4766602  3463689  4753937  1994134  1878091 4802705  4778503
          524288    1024 1567523 2002757  4807997  4840040 4801562 2223320 4792217  3412047  4783076  1725818  1721353 4823606  4795677
          524288    2048 1566306 1997797  4747861  4802621 4791173 2195087 4753125  3342418  4770210  1643350  1640255 4771162  4793711
          524288    4096 1622137 1955831  4757557  4782816 4763607 2205996 4754626  3338602  4761658  1602744  1606840 4728291  4740573
          524288    8192 1444832 1803684  3857530  3867374 3853528 1980538 3882663  2433522  3845980  1562934  1551699  113048  3227479
          524288   16384 1411562 1768208  3714165  3723820 3718147 1944061 3714981  2320105  3711645  1572412  1576208 3713350  3718883
         1048576      64 1543730 1946150   114901  4083222 4901789 2237110 4960246  4346575  5502167  2141843  1926183 5068696  5069649
         1048576     128 1578096 2029343  4977413  5011523 4898443 1716102 4896779  3973789  4890838  1954420  1887123 4981901  5046665
         1048576     256 1780481 1988583  4785698  4785136 4738300 2306569   95246  3518071  4681896  1864553  1855016 4794693  4775700
         1048576     512 1755576 1995771  4777874  4789138 4761559 2182128 4786620  3356304  5163773  2126976  1891415  113140  3922474
         1048576    1024 1558219 1993889  4791365  4809452 4792195 2205280  106102  3462922  4784672  1738505  1794809  113135  3919000
         1048576    2048 1581569 2014519  4840892  4821548 4823033 2474107 4806477  3374751  4820396  1452041  1651196  113129  3944387
         1048576    4096 1582560 2007516  4791694  4801262 4790995 2381735 4743722  3765586  5345155  1772392  1594758 4752950  4799527
         1048576    8192 1442144 1818553  3862869  3877312 3866187 2036291  111126  2576430  3835501  1665302  1554687 3854933  3843035
         1048576   16384 1511757 1798539  3712575  3725766 3868254 2154301 3725406  2332646  3374438  1633520  1557155 3719882  3724349
         2097152      64 1637945 1972260   114893  4124265 4876667 2098167 4961829  3713837  4463488  2298201  1930819  113124  4181100
         2097152     128 1774180 2014687   114908  3650038 4605815 2210005 4366726  4037185  4749426  1974602  1772915  113082  4034753
         2097152     256 1736809 2022840   114908  3925832 4729248 2323984   96743  3561938  5263277  2073401  1874408  112745  3944040
         2097152     512 1777119 2070874   114875  3968158 4776132 2192377 4778917  3671471  5306732  2123394  1889870  113163  3962250
         2097152    1024 1679479 1893411  4801455  4821016 4413199 2093195  105959  3725892  5340965  1917478  1749146  113171  3955113
         2097152    2048 1654959 2006889   115002  3973857 4801898 2345238  108844  3473807  4826741  1943115  1810538  113159  3632457
         2097152    4096 1766872 2227098  4832838  4832447 4833050 2371206  110445  3849920  5352662  1773945  1592441  113171  4061210
         2097152    8192 1633224 1803179   115289  3276174 3822170 2240616  111060  2559553  4206198  2084022  1539014  113093  3295382
         2097152   16384 1545474 1883105   115802  3331716 3997117 2138471 3723398  2531453  4000617  2060185  1538786  113157  3183972
         4194304      64 1721889 2063610    75245  4117375 5156038 2365977   23497  4117597  5457041  2612541  2029524   78724  4102096
         4194304     128 1885225 1985195    80632  4370372 5415296 2891691   31890  3777590  6337327  2944559  2005461   79774  4078355
         4194304     256 1900399 2145373    77287  3900760 5079534 2501424 4740740  4420827  6699983  2926312  1933104   76217  3991978
         4194304     512 1759988 2022854    83564  4210345 5208277 2959429 4738443  3975447  6225883  2296424  2008168   79704  3958694
         4194304    1024 1914348 2128322    91178  3993000 5355430 2641104   75662  3922667  5320756  2459213  1818897   85838  3987071
         4194304    2048 1755807 2146354    89523  3998894 5118257 2475613   88497  3854902  5374351  2246961  1715493   76852  3993749
         4194304    4096 1747087 2091802    89825  3967037 5189884 2491365   97984  3692584  6718347  2241702  1716317   81354  3959834
         4194304    8192 1605167 1951914    89949  3498203 4162407 2786339  101390  2814426  4931673  2169593  1601835   80222  3282727
         4194304   16384 1747684 1921160    93467  3198089 4001014 2886251 3721059  3238522  4778254  2161829  1605986   89781  3195122
         8388608      64 1882337 2016417  5490548  6181120 7376941 2583632   15037  7057625  7461979  2251943  1636904   87357  4499478
         8388608     128 1536937 1819819    90195  4303167 5791493 1762056 5369667  7465247  7293172  2187019  1573161 4969839  6350368
         8388608     256 1823042 1704342    85141  4306883 6122262 2524372   28820  5218545  6706551  1789031  1447627   86967  4167335
         8388608     512 2087879 2031134  4789713  6590314 6737571 2759742   40177  4595125  6757643  2446740  1727985   89200  4153057
         8388608    1024 1777265 1728895    87977  4145785 5638198 2474535   42908  5105428  6809128  2168375  1515126   84803  3960617
         8388608    2048 1740628 1935528    93107  4243447 6846959 2438992 4857543  6070731  6835316  2020427  1694428   81629  4098159
         8388608    4096 2183503 1664250    75727  3979199 6653322 2790297   67945  4809760  6838297  1996485  1396646   92293  3950627
         8388608    8192 1794166 1859958    91843  3440221 4763534 2286218 3897936  3370611  4691730  1457797  1440246   80197  3456048
         8388608   16384 1668811 1605411    84955  3452072 4739755 2195728 3876726  3215302  4773579  1728998  1471981   88090  3406945

iozone test complete.
Excel output is below:

"Writer report"
        "4"  "8"  "16"  "32"  "64"  "128"  "256"  "512"  "1024"  "2048"  "4096"  "8192"  "16384"
"64"   801764  1083249  1101022  1183548  1232453 
"128"   1133103  1254941  1291158  1209698  1346196  1440082 
"256"   1208072  1339154  1248819  1391207  1384034  1463250  1407621 
"512"   1187895  1258188  1289930  1380303  1501940  1493584  1467055  1524329 
"1024"   1323236  1429841  1208894  1512415  1521524  1587315  1548960  1551758  1565332 
"2048"   1335955  1461667  1503891  1531781  1577928  1565847  1597590  1427182  1433135  1434331 
"4096"   1198388  1330246  1379155  1422786  1432275  1463386  1478626  1444802  1482965  1471281  1463884 
"8192"   1241194  1351372  1379365  1431428  1462315  1480588  1479250  1480844  1466809  1465496  1485389  1406583 
"16384"   1248201  1363838  1412533  1452480  1486604  1491476  1508666  1490958  1515052  1507938  1475369  1412765  1350915 
"32768"   0  0  0  0  1494684  1512482  1512548  1501674  1497681  1511849  1501936  1412908  1378417 
"65536"   0  0  0  0  1687373  1511091  1517465  1527712  1509424  1520310  1503044  1421087  1392458 
"131072"   0  0  0  0  1513462  1739228  1537572  1522832  1544224  1748677  1539144  1436452  1407937 
"262144"   0  0  0  0  1534540  1548135  1550302  1561414  1559713  1556434  1542613  1447981  1431275 
"524288"   0  0  0  0  1554168  1539628  1538543  1565305  1567523  1566306  1622137  1444832  1411562 
"1048576"   0  0  0  0  1543730  1578096  1780481  1755576  1558219  1581569  1582560  1442144  1511757 
"2097152"   0  0  0  0  1637945  1774180  1736809  1777119  1679479  1654959  1766872  1633224  1545474 
"4194304"   0  0  0  0  1721889  1885225  1900399  1759988  1914348  1755807  1747087  1605167  1747684 
"8388608"   0  0  0  0  1882337  1536937  1823042  2087879  1777265  1740628  2183503  1794166  1668811 

"Re-writer report"
        "4"  "8"  "16"  "32"  "64"  "128"  "256"  "512"  "1024"  "2048"  "4096"  "8192"  "16384"
"64"   1452528  1421755  1638743  1734015  1734015 
"128"   1467639  1373754  1684006  1727352  1939522  1905110 
"256"   1579483  1707589  1752173  1942349  1907837  2030503  1842366 
"512"   1594501  1764853  1848401  1856390  2160868  2116152  1961520  2081286 
"1024"   1741104  1964935  2027069  2019445  2110750  2192645  2150918  2188177  2142335 
"2048"   1784066  1972971  2054612  2137966  2169829  2190300  2199836  1955900  1971160  1972971 
"4096"   1588844  1786256  1850121  1941270  1985238  2018594  2002127  1982489  2030764  2014570  2009857 
"8192"   1566662  1798486  1844540  1938948  1983039  1980638  1989238  1981666  1962202  1956058  1954722  1815976 
"16384"   1560500  1725544  1813188  1900438  1935007  1962863  1968768  1941019  1928220  1920997  1913349  1773368  1683318 
"32768"   0  0  0  0  1908667  1939042  1932064  1905571  1922658  1929000  1894747  1764077  1722447 
"65536"   0  0  0  0  2130146  1951581  1940531  1898540  1903299  1943935  1906282  1758736  1736098 
"131072"   0  0  0  0  1934038  2001223  1908140  1977881  1988649  1977042  1979163  1773544  1743160 
"262144"   0  0  0  0  1971391  2240952  2209630  1968490  2249871  1999876  2209630  1787623  1985954 
"524288"   0  0  0  0  1954183  1987807  1979363  1980433  2002757  1997797  1955831  1803684  1768208 
"1048576"   0  0  0  0  1946150  2029343  1988583  1995771  1993889  2014519  2007516  1818553  1798539 
"2097152"   0  0  0  0  1972260  2014687  2022840  2070874  1893411  2006889  2227098  1803179  1883105 
"4194304"   0  0  0  0  2063610  1985195  2145373  2022854  2128322  2146354  2091802  1951914  1921160 
"8388608"   0  0  0  0  2016417  1819819  1704342  2031134  1728895  1935528  1664250  1859958  1605411 

"Reader report"
        "4"  "8"  "16"  "32"  "64"  "128"  "256"  "512"  "1024"  "2048"  "4096"  "8192"  "16384"
"64"   3057153  4274062  4207076  4564786  6421025 
"128"   4104338  4557257  5122535  4889281  4934216  5784891 
"256"   4197489  4652146  4197489  5455847  5022044  5347168  5810112 
"512"   3905895  4305250  4742616  4784885  5115422  5127637  5886650  6736026 
"1024"   4215688  4920874  5120336  5042191  5245404  5284125  5390231  5751117  6819511 
"2048"   4301837  5144271  4957240  5209791  5159722  5416763  5447681  5009275  5159722  5750369 
"4096"   4059701  4851966  4784405  4807163  4946971  5044289  4904602  4917236  5127086  5325760  5792648 
"8192"   4085675  4798976  4926264  5126937  5271672  4681287  4836126  4917099  4985593  5053790  5110922  4280090 
"16384"   4009817  4749163  4773907  4764309  5067506  4872061  4703976  4707843  4818765  4755737  4789212  3994202  3710193 
"32768"   0  0  0  0  4801896  4559442  4638850  4659926  4691100  4613933  4653299  3866857  3697099 
"65536"   0  0  0  0  5448650  4722354  4626966  4597404  4665130  4640087  4627589  3850757  3717741 
"131072"   0  0  0  0  4898788  4766277  4545585  4723117  4740712  4673967  4677466  3880625  3712138 
"262144"   0  0  0  0  4996739  4903569  4681306  4745537  4777975  4773205  4725874  3883789  3747536 
"524288"   0  0  0  0  5051384  4984674  4755058  4762617  4807997  4747861  4757557  3857530  3714165 
"1048576"   0  0  0  0  114901  4977413  4785698  4777874  4791365  4840892  4791694  3862869  3712575 
"2097152"   0  0  0  0  114893  114908  114908  114875  4801455  115002  4832838  115289  115802 
"4194304"   0  0  0  0  75245  80632  77287  83564  91178  89523  89825  89949  93467 
"8388608"   0  0  0  0  5490548  90195  85141  4789713  87977  93107  75727  91843  84955 

"Re-Reader report"
        "4"  "8"  "16"  "32"  "64"  "128"  "256"  "512"  "1024"  "2048"  "4096"  "8192"  "16384"
"64"   4018152  4897948  4564786  4988978  7293312 
"128"   4135958  5847904  6114306  4889281  6727225  5784891 
"256"   4734192  5810112  4819184  5217259  5810112  5142301  5971678 
"512"   4123387  4916336  5870558  6018636  6086873  6472112  6736026  6821616 
"1024"   4995276  6733974  5660167  7113161  6441107  6650556  6733974  6830356  6519323 
"2048"   5159722  6243566  6075753  6588354  6649556  6802261  6479029  5884299  5820505  5920802 
"4096"   4597474  5238075  4893426  6041154  5910222  6030551  5818150  5810280  5792648  5826043  5833956 
"8192"   4361587  5424817  5404339  5486317  5756551  5558204  5442863  5454094  5421393  5323125  5299316  4359927 
"16384"   3907445  4611177  4603454  4825871  4929022  4786543  4628258  4647979  4725649  4638880  4761338  4089031  3737230 
"32768"   0  0  0  0  4801896  4649836  4542264  4572031  4574618  4650622  4659926  3934155  3708071 
"65536"   0  0  0  0  5416654  4731214  4595482  4623697  4662123  4688844  4667189  3893796  3726157 
"131072"   0  0  0  0  4936442  4839663  4667657  4699779  4722630  4769916  4716836  3883833  3736916 
"262144"   0  0  0  0  5015200  4907793  4704159  4753374  4761216  4797028  4762536  3871508  3757808 
"524288"   0  0  0  0  5067635  4979753  4763308  4761534  4840040  4802621  4782816  3867374  3723820 
"1048576"   0  0  0  0  4083222  5011523  4785136  4789138  4809452  4821548  4801262  3877312  3725766 
"2097152"   0  0  0  0  4124265  3650038  3925832  3968158  4821016  3973857  4832447  3276174  3331716 
"4194304"   0  0  0  0  4117375  4370372  3900760  4210345  3993000  3998894  3967037  3498203  3198089 
"8388608"   0  0  0  0  6181120  4303167  4306883  6590314  4145785  4243447  3979199  3440221  3452072 

"Random read report"
        "4"  "8"  "16"  "32"  "64"  "128"  "256"  "512"  "1024"  "2048"  "4096"  "8192"  "16384"
"64"   3057153  4018152  3791156  4018152  4643754 
"128"   3124872  3657016  4104338  5325799  5603747  5545860 
"256"   3197509  3823789  4132864  4755158  5687020  5217259  5687020 
"512"   3140488  4742616  4916336  5566231  5439343  5822804  5951911  6246213 
"1024"   3877004  5042191  5120336  6402699  5444898  6280976  6609617  6733974  6787181 
"2048"   3901313  5071381  5197183  6041567  6583305  6479029  6503556  5704543  5884299  5769681 
"4096"   3498380  4691638  4984287  5618365  6060333  5841891  5777065  5784846  5784846  5786794  5784846 
"8192"   3583691  4607836  5004472  5053790  5825851  5732541  5621863  5607184  5649594  5347148  5019093  4275297 
"16384"   3153165  4204361  4454838  4864473  5039634  4967862  4779552  4883486  4837421  4868954  4588087  4011924  3721847 
"32768"   0  0  0  0  4745524  4632127  4546020  4584996  4635408  4646692  4581022  3896346  3705472 
"65536"   0  0  0  0  5298360  4690204  4575593  4616165  4653914  4675445  4613918  3883838  3721113 
"131072"   0  0  0  0  4773188  4761571  4635619  4671147  4719914  4717200  4678501  3880187  3732553 
"262144"   0  0  0  0  4847084  4818365  4657195  4724778  4759835  4781466  4729106  3856936  3745660 
"524288"   0  0  0  0  4875971  4858476  4718460  4740696  4801562  4791173  4763607  3853528  3718147 
"1048576"   0  0  0  0  4901789  4898443  4738300  4761559  4792195  4823033  4790995  3866187  3868254 
"2097152"   0  0  0  0  4876667  4605815  4729248  4776132  4413199  4801898  4833050  3822170  3997117 
"4194304"   0  0  0  0  5156038  5415296  5079534  5208277  5355430  5118257  5189884  4162407  4001014 
"8388608"   0  0  0  0  7376941  5791493  6122262  6737571  5638198  6846959  6653322  4763534  4739755 

"Random write report"
        "4"  "8"  "16"  "32"  "64"  "128"  "256"  "512"  "1024"  "2048"  "4096"  "8192"  "16384"
"64"   1452528  1638743  1828508  1780008  2278628 
"128"   1598754  1905110  1967960  2367096  2558895  2511022 
"256"   1729594  2118645  2131261  2285501  2392442  2639446  2533571 
"512"   1740536  2114069  2370799  2486072  2609952  2722449  2722449  2638816 
"1024"   2028027  2467229  2565989  2813041  2884840  2852271  2852271  2782064  2767722 
"2048"   2096227  2467800  2656292  2914009  2968386  3033377  2925920  2469929  2482779  2488533 
"4096"   1814173  2195003  2377242  2533229  2630589  2691164  2582737  2487022  2574609  2566149  2522072 
"8192"   1759078  2122307  2280038  2461686  2559231  2557516  2494571  2452549  2412935  2362824  2282007  2080289 
"16384"   1548719  1826732  1959114  2097036  2175506  2245308  2212560  2233413  2222794  2201855  2164883  2013238  1897394 
"32768"   0  0  0  0  2081436  2120225  2141267  2146349  2139200  2148027  2147758  1979224  1912225 
"65536"   0  0  0  0  2346439  2153240  2155435  2157634  2139114  2187076  2130905  1969761  1939450 
"131072"   0  0  0  0  2083751  2176623  2187884  2187779  2203113  2206970  2197978  1959021  1940544 
"262144"   0  0  0  0  2144606  2186830  2197701  2207620  2217218  2220805  2200727  1995904  1974329 
"524288"   0  0  0  0  2112489  2191308  2199204  2196798  2223320  2195087  2205996  1980538  1944061 
"1048576"   0  0  0  0  2237110  1716102  2306569  2182128  2205280  2474107  2381735  2036291  2154301 
"2097152"   0  0  0  0  2098167  2210005  2323984  2192377  2093195  2345238  2371206  2240616  2138471 
"4194304"   0  0  0  0  2365977  2891691  2501424  2959429  2641104  2475613  2491365  2786339  2886251 
"8388608"   0  0  0  0  2583632  1762056  2524372  2759742  2474535  2438992  2790297  2286218  2195728 

"Backward read report"
        "4"  "8"  "16"  "32"  "64"  "128"  "256"  "512"  "1024"  "2048"  "4096"  "8192"  "16384"
"64"   2067979  3057153  2662899  3363612  2923952 
"128"   2969325  3759450  3106789  3445772  4267461  4267461 
"256"   2880164  3935921  3421677  3705040  4132864  4132864  3879045 
"512"   3220553  4000485  3659616  3736016  5384786  4532414  4650188  4784885 
"1024"   3544270  4249053  4470172  4614246  4805258  5048117  5042191  5144870  5277632 
"2048"   3549844  4531020  4728042  4741090  5135046  5009275  4666399  4751580  4707314  4697018 
"4096"   3155856  4167033  4311344  4446359  4935601  4763181  4761860  4791076  4819300  4842392  4756587 
"8192"   3259997  4224832  4390007  4681287  4776959  4873164  4738094  4807705  4827971  4801658  4680649  4216536 
"16384"   3141058  4033589  4375975  4632313  4858970  4787877  4611486  4142770  4671995  4557355  4584108  3946037  3669382 
"32768"   0  0  0  0  4697995  4558686  4533424  4586832  4632127  4507258  4550385  3845112  3682241 
"65536"   0  0  0  0  4735942  4689244  4547359  4608349  4634767  4681417  4579405  3856160  3737455 
"131072"   0  0  0  0  4729293  4568248  4532244  4686318  4728805  4709079  4559344  3887540  3736993 
"262144"   0  0  0  0  4885832  5382064  4683998  4733035  5270812  5247919  4695220  4110511  3993420 
"524288"   0  0  0  0  4912977  4874242  4749071  4766602  4792217  4753125  4754626  3882663  3714981 
"1048576"   0  0  0  0  4960246  4896779  95246  4786620  106102  4806477  4743722  111126  3725406 
"2097152"   0  0  0  0  4961829  4366726  96743  4778917  105959  108844  110445  111060  3723398 
"4194304"   0  0  0  0  23497  31890  4740740  4738443  75662  88497  97984  101390  3721059 
"8388608"   0  0  0  0  15037  5369667  28820  40177  42908  4857543  67945  3897936  3876726 

"Record rewrite report"
        "4"  "8"  "16"  "32"  "64"  "128"  "256"  "512"  "1024"  "2048"  "4096"  "8192"  "16384"
"64"   2133730  2561267  2067979  2561267  2278628 
"128"   2098744  3036502  2464907  2367096  2920861  2367096 
"256"   2205688  2935279  2726577  3197509  3275543  2975955  2486631 
"512"   2275345  3099691  3372274  2845081  3905895  3304808  2958758  2891043 
"1024"   2723840  3764854  3891053  3880507  4018473  4095102  3541348  3179559  2910252 
"2048"   2998435  3710866  3791117  3984558  4154130  4138120  3195891  2968386  2840769  2512554 
"4096"   2574609  3385325  3477139  3513405  3717133  3785107  3324403  3131124  3070133  2923832  2514321 
"8192"   2653711  3306108  3420647  3574371  3713439  3784193  3415886  3226325  3196015  3031882  2795791  2087113 
"16384"   2554360  3382229  3484618  3641576  3782902  3822674  3563215  2803983  3282076  3194352  2969751  2240988  1914201 
"32768"   0  0  0  0  3832994  3902874  3594979  3327029  3368782  3314193  3171487  2362354  2123763 
"65536"   0  0  0  0  3860763  3711416  3464957  3377467  3291130  3333437  3232686  2405432  2230630 
"131072"   0  0  0  0  3814998  3922322  3625883  3449907  3420372  3401916  3252804  2428788  2297572 
"262144"   0  0  0  0  3898924  4625319  3597315  3451312  3948958  3951811  3208296  2651720  2546369 
"524288"   0  0  0  0  3881772  3985587  3686742  3463689  3412047  3342418  3338602  2433522  2320105 
"1048576"   0  0  0  0  4346575  3973789  3518071  3356304  3462922  3374751  3765586  2576430  2332646 
"2097152"   0  0  0  0  3713837  4037185  3561938  3671471  3725892  3473807  3849920  2559553  2531453 
"4194304"   0  0  0  0  4117597  3777590  4420827  3975447  3922667  3854902  3692584  2814426  3238522 
"8388608"   0  0  0  0  7057625  7465247  5218545  4595125  5105428  6070731  4809760  3370611  3215302 

"Stride read report"
        "4"  "8"  "16"  "32"  "64"  "128"  "256"  "512"  "1024"  "2048"  "4096"  "8192"  "16384"
"64"   3738358  4897948  3958892  3791156  3738358 
"128"   3053774  5847904  4407601  5545860  5545860  4889281 
"256"   3197509  4070199  5971678  6107548  4929815  5810112  4755158 
"512"   3459188  4701087  4131319  4701087  5509113  5566231  5639315  5019764 
"1024"   3835457  5593820  5853003  6059442  6172653  7160597  6402699  5983467  5444898 
"2048"   3938881  5264067  5376082  5900467  6024617  7165410  6041567  5461535  5156624  4997618 
"4096"   3424463  4686519  5159420  5347310  5178081  5535098  5113352  5618365  5556581  5339001  4847858 
"8192"   3394960  4607836  4988488  5527801  5411147  5637544  5565406  5696426  5680416  5538493  5218033  4242044 
"16384"   3129757  4115479  4419598  4805959  4954609  4924430  4893920  4978299  5769022  5702953  5420027  4099276  3609632 
"32768"   0  0  0  0  4655821  4655190  4579038  4638850  4691100  5781108  5572947  4008859  3676036 
"65536"   0  0  0  0  4725033  4691805  4583910  4624630  4664813  4664813  5676151  3980057  3662655 
"131072"   0  0  0  0  4761942  4747262  4609693  4667499  4699779  4713116  4681649  4267236  3678383 
"262144"   0  0  0  0  4795104  5122303  4651973  4710325  5257178  5242464  4735440  3942614  3952294 
"524288"   0  0  0  0  4869072  4855504  4703563  4753937  4783076  4770210  4761658  3845980  3711645 
"1048576"   0  0  0  0  5502167  4890838  4681896  5163773  4784672  4820396  5345155  3835501  3374438 
"2097152"   0  0  0  0  4463488  4749426  5263277  5306732  5340965  4826741  5352662  4206198  4000617 
"4194304"   0  0  0  0  5457041  6337327  6699983  6225883  5320756  5374351  6718347  4931673  4778254 
"8388608"   0  0  0  0  7461979  7293172  6706551  6757643  6809128  6835316  6838297  4691730  4773579 

"Fwrite report"
        "4"  "8"  "16"  "32"  "64"  "128"  "256"  "512"  "1024"  "2048"  "4096"  "8192"  "16384"
"64"   1492919  1933893  1892980  1892980  2067979 
"128"   1710838  2066432  2098744  2238774  2175277  2326073 
"256"   1817419  2081678  2170027  2285501  2783115  2247235  2419396 
"512"   1789859  2039772  2141475  2253852  2572435  2958758  2474613  2906696 
"1024"   2052253  2419964  2503178  2485792  2619192  2730767  2884840  2547723  2852271 
"2048"   2056087  2359349  2482779  2513289  2592166  2579710  2338157  2573527  2146514  2497941 
"4096"   1793342  2115798  2183565  2235854  2261757  2216526  1818012  2323234  2421130  2161586  2528382 
"8192"   1761332  2039903  2063052  2148987  2207527  2167833  2127695  2165920  2049516  2186873  2123356  2089270 
"16384"   1604852  1821888  1893421  1944699  2000287  1977322  1951880  1955101  1860964  1873087  2048465  2319659  1914681 
"32768"   0  0  0  0  1907872  1882807  1862573  1863811  1725800  1717325  1769802  1939179  2190234 
"65536"   0  0  0  0  1876315  1858440  1849836  1863935  1703561  1667414  1660404  1714335  1904552 
"131072"   0  0  0  0  1906195  1893504  1861315  1867333  1718256  1658594  1628241  1787650  1704067 
"262144"   0  0  0  0  1923441  1908192  1875151  1884274  1914102  1823291  1615791  1595072  1775875 
"524288"   0  0  0  0  1920603  1919006  1858630  1994134  1725818  1643350  1602744  1562934  1572412 
"1048576"   0  0  0  0  2141843  1954420  1864553  2126976  1738505  1452041  1772392  1665302  1633520 
"2097152"   0  0  0  0  2298201  1974602  2073401  2123394  1917478  1943115  1773945  2084022  2060185 
"4194304"   0  0  0  0  2612541  2944559  2926312  2296424  2459213  2246961  2241702  2169593  2161829 
"8388608"   0  0  0  0  2251943  2187019  1789031  2446740  2168375  2020427  1996485  1457797  1728998 

"Re-Fwrite report"
        "4"  "8"  "16"  "32"  "64"  "128"  "256"  "512"  "1024"  "2048"  "4096"  "8192"  "16384"
"64"   1421755  1562436  1879725  2379626  1780008 
"128"   1561553  1778862  2035099  2248149  2905056  2166499 
"256"   1610276  1839210  1871263  2034350  2533571  3326279  2285501 
"512"   1595686  1848401  1910902  1999881  2187279  2753870  3409755  2405320 
"1024"   1744641  2000631  2007176  2128533  2211841  2284793  2640123  3618930  2497356 
"2048"   1754908  1982533  2070459  2120549  2202092  2243502  2115327  2426668  3006831  2258247 
"4096"   1571117  1818782  1871892  1925604  1986386  2018832  2008917  2129963  2226004  2862450  2271626 
"8192"   1585750  1806049  1850002  1907305  1956058  1949067  1973472  2011834  1966356  2074011  2863357  2098457 
"16384"   1556365  1754533  1848152  1883664  1926652  1927517  1879285  1957886  1815199  1805423  2013474  2683745  1903596 
"32768"   0  0  0  0  1913903  1862144  1859499  1882807  1746036  1704187  1754842  1942715  2529017 
"65536"   0  0  0  0  1890016  1884302  1852192  1866542  1701168  1675300  1647003  1715908  1915301 
"131072"   0  0  0  0  1882191  1894267  1875053  2122832  1704601  1659791  1786035  1781596  1689119 
"262144"   0  0  0  0  1921259  1896243  2104103  1871532  1914312  1803560  1775488  1600302  1765470 
"524288"   0  0  0  0  1928174  1882751  1861574  1878091  1721353  1640255  1606840  1551699  1576208 
"1048576"   0  0  0  0  1926183  1887123  1855016  1891415  1794809  1651196  1594758  1554687  1557155 
"2097152"   0  0  0  0  1930819  1772915  1874408  1889870  1749146  1810538  1592441  1539014  1538786 
"4194304"   0  0  0  0  2029524  2005461  1933104  2008168  1818897  1715493  1716317  1601835  1605986 
"8388608"   0  0  0  0  1636904  1573161  1447627  1727985  1515126  1694428  1396646  1440246  1471981 

"Fread report"
        "4"  "8"  "16"  "32"  "64"  "128"  "256"  "512"  "1024"  "2048"  "4096"  "8192"  "16384"
"64"   2358717  4018152  4274062  4274062  3738358 
"128"   3759450  4135958  4557257  4934216  4889281  4407601 
"256"   3879045  4907284  4264168  4197489  4422226  4840911  4197489 
"512"   3659616  4331300  3905895  3941742  4411377  4532414  4916336  5067142 
"1024"   4064103  4805258  4674510  4949226  5018624  5169641  5169641  5200941  5200941 
"2048"   4327846  5147354  5092426  5032754  5280246  5674397  4875642  4864597  4785996  4853603 
"4096"   3744681  4791076  4404184  4718699  4869845  4941279  4824714  4899008  4900405  4875373  4893426 
"8192"   3949937  4875931  4681287  4531269  4873164  4264684  4796296  4833405  4859380  4784941  4618365  4242044 
"16384"   3782902  4678356  4671678  4765631  4877594  4837421  4670408  4713656  4646408  4628258  4562499  3969973  3560999 
"32768"   0  0  0  0  4829399  4714109  4584843  4641356  4609909  4576598  4537915  3837061  3964683 
"65536"   0  0  0  0  4813568  4059227  4608040  4627277  4605415  4633517  4577498  3865758  3707811 
"131072"   0  0  0  0  5494766  4801327  4663974  4685000  5245621  4694041  5104804  3837902  3728199 
"262144"   0  0  0  0  4939320  4872300  4721106  4724169  5196945  4740913  4684238  3855340  3746949 
"524288"   0  0  0  0  113090  4956251  4753547  4802705  4823606  4771162  4728291  113048  3713350 
"1048576"   0  0  0  0  5068696  4981901  4794693  113140  113135  113129  4752950  3854933  3719882 
"2097152"   0  0  0  0  113124  113082  112745  113163  113171  113159  113171  113093  113157 
"4194304"   0  0  0  0  78724  79774  76217  79704  85838  76852  81354  80222  89781 
"8388608"   0  0  0  0  87357  4969839  86967  89200  84803  81629  92293  80197  88090 

"Re-Fread report"
        "4"  "8"  "16"  "32"  "64"  "128"  "256"  "512"  "1024"  "2048"  "4096"  "8192"  "16384"
"64"   4018152  4018152  4897948  4564786  4988978 
"128"   4407601  5545860  4407601  4759253  5122535  5847904 
"256"   4404088  4929815  5810112  5022044  5347168  5022044  5022044 
"512"   4457157  5566231  4494470  4973263  7115451  6931711  5951911  6821616 
"1024"   5200941  5720477  6569179  5813392  7160597  6441107  6327241  6529233  6776473 
"2048"   4923146  6037320  6261772  6243566  6459541  6543188  5800851  5754221  5904523  5836323 
"4096"   4404184  5504946  5649775  5867831  6140479  5504946  5689064  5826043  5784846  5777065  5633102 
"8192"   4229512  5231540  5274909  5615432  5353814  4746603  5368872  5364680  5336352  5149219  4862131  4271046 
"16384"   3690863  4538393  4500055  4787877  4870334  4741954  4452241  4655852  4561287  4498582  4539892  3995131  3674287 
"32768"   0  0  0  0  4760646  4617809  4513475  4549782  4560047  4547223  4547374  3902320  3973279 
"65536"   0  0  0  0  4795931  4682773  4582611  4612989  4640636  4651551  4601252  3877428  3719602 
"131072"   0  0  0  0  5466084  4838215  4661483  4681808  5214474  4724863  5163781  3875701  3728527 
"262144"   0  0  0  0  4990276  4909151  4712708  4741689  5273366  4777726  4742630  3867573  3752960 
"524288"   0  0  0  0  4046675  4972288  4760111  4778503  4795677  4793711  4740573  3227479  3718883 
"1048576"   0  0  0  0  5069649  5046665  4775700  3922474  3919000  3944387  4799527  3843035  3724349 
"2097152"   0  0  0  0  4181100  4034753  3944040  3962250  3955113  3632457  4061210  3295382  3183972 
"4194304"   0  0  0  0  4102096  4078355  3991978  3958694  3987071  3993749  3959834  3282727  3195122 
"8388608"   0  0  0  0  4499478  6350368  4167335  4153057  3960617  4098159  3950627  3456048  3406945 
