	Iozone: Performance Test of File I/O
	        Version $Revision: 3.397 $
		Compiled for 64 bit mode.
		Build: linux-AMD64 

	Contributors:William Norcott, Don Capps, Isom Crawford, Kirby Collins
	             Al Slater, Scott Rhine, Mike Wisner, Ken Goss
	             Steve Landherr, Brad Smith, Mark Kelly, Dr. Alain CYR,
	             Randy Dunlap, Mark Montague, Dan Million, Gavin Brebner,
	             Jean-Marc Zucconi, Jeff Blomberg, Benny Halevy, Dave Boone,
	             Erik Habbinga, Kris Strecker, Walter Wong, Joshua Root,
	             Fabrice Bacchella, Zhenghua Xue, Qin Li, Darren Sawyer.
	             Ben England.

	Run began: Sat May  2 00:49:20 2015

	Excel chart generation enabled
	Auto Mode
	Using maximum file size of 8388608 kilobytes.
	Command line used: /opt/iozone/bin/iozone -Ra -g 8G -b 6418_8.xls -f 6418_8.tmp
	Output is in Kbytes/sec
	Time Resolution = 0.000001 seconds.
	Processor cache size set to 1024 Kbytes.
	Processor cache line size set to 32 bytes.
	File stride size set to 17 * record size.
                                                            random  random    bkwd   record   stride                                   
              KB  reclen   write rewrite    read    reread    read   write    read  rewrite     read   fwrite frewrite   fread  freread
              64       4 1105556 2923952  7100397 10821524 6421025 3203069 5283570  4564786  7100397  3022727  2801873 5389653  7940539
              64       8 1562436 3203069  6421025 12902017 7100397 3057153 5735102  4897948  9006179  3588436  3541098 9318832 12902017
              64      16 1638743 3541098 10402178 1597288510821524 3363612 6421025  4564786  9006179  3406295  4018152 5860307 12902017
              64      32 1638743 3363612 10402178 15972885 9006179 4018152 6421025  4564786  9006179  3165299  5283570 9006179 10402178
              64      64 1722886 3363612 12310336 1597288510402178 4274062 7100397  4274062 10402178  4018152  3541098 9318832 10821524
             128       4 1684006 3277486  9129573  9977956 7176872 3445772 5545860  4759253  6727225  3359523  3277486 7917784  9287508
             128       8 1858934 3895854 10779307 12842051 9129573 4012317 5847904  5325799 10567140  3759450  3895854 6727225  9129573
             128      16 1642783 3657016 10779307 12542043 9795896 4135958 8036304  5603747 10779307  3867787  4135958 9795896 11720614
             128      32 1878447 3785961 11470204 1284205110567140 4407601 9129573  5325799 11720614  4407601  471743410779307 11470204
             128      64 2066432 3895854 11720614 1420079410567140 4407601 6727225  4889281 10567140  3036502  611430610779307 11720614
             128     128 1997245 3867787 11720614 1420079410567140 4407601 8548124  4557257 10567140  3895854  375945010779307 12842051
             256       4 1732384 3545976  9192546  9518507 7314033 3557725 6891544  4840911  7120034  3511189  3410808 5971678  8534922
             256       8 1894373 3935921 10651598 12228612 9778562 3935921 8815202  6107548  9114515  4009406  407019910651598 10651598
             256      16 2030503 2413957 10651598 1222861210245071 4264168 8815202  5971678 11569783  4070199  4197489 6891544 11695808
             256      32 1967260 4070199 11569783 1281227711569783 4652146 9868433  5938650 12228612  4332998  447754911091721 12228612
             256      64 2065659 4197489 12228612 1345445011569783 473419210245071  5938650 12090911  4840911  502204410245071 12090911
             256     128 2081678 4197489 12228612 1281227711091721 4652146 9868433  5455847 11695808  3454704  676135511091721 11569783
             256     256 1881098 3879045 11091721 1169580810758322 4572895 6891544  4572895 10651598  4496299  447754910651598 11207494
             512       4 1785395 3533174  9145790  9510316 7435738 3366987 5278892  5227492  6999490  3459188  3012719 8394979  8528336
             512       8 1904125 3913012 11374040 11683444 9638369 3877684 9304292  6086873  9510316  3905895  3259661 7540170 10856530
             512      16 2007358 3788747  8701110 1091169410235583 3849877 9468384  5684095  9859630  3905895  286023810235583 10856530
             512      32 1947291 3346002 11620224 1221509711138071 444792510235583  6246213 12499490  4195896  314048810641343 11620224
             512      64 2039772 4099771 12215097 1279744111620224 469081810911694  5886650 12797441  4262523  4494470 7758090 10911694
             512     128 1889050 3325278  8234036 1187730011374040 4375425 9814569  5886650 12146009  4571003  323998910694336 11374040
             512     256 1406520 1924603  8109658  8234036 8109658 3046915 7410080  3437042  8140399  2736325  4784885 5951911 10641343
             512     512 1778004 3437042 10434519 1064134310434519 3504346 9468384  3736016 10235583  3556580  2739816 7871843 10641343
            1024       4 1607514 2640123  8326715  8525047 6963241 3170172 5593820  4826859  4949226  2578312  2043465 7699755  7927135
            1024       8 1709912 2028027  7020149 10454984 8391792 3345496 8750850  5096034  8680108  3210456  2169388 9855234  9402175
            1024      16 1245710 2202766  5885083  6918376 6244448 2439205 4694950  3324778  4474829  2027069  2559871 5336651  6744549
            1024      32 1294520 2326879  7699755  7869040 6733974 2598591 5390231  3680961  7208671  2403712  1808555 5950309  7755368
            1024      64 1389594 2188177  8061038  8262639 7826025 2774874 5472650  3894582  8457895  1858644  1875690 5983467  8061038
            1024     128 1796451 3671521  7883484 1076957311018226 3778101 9655828  5925680 12639479  3821805  255987111103681 11278631
            1024     256 2040552 3324778  8914314 1090631010662628 3821805 6479979  5089995  9743447  2968586  4300102 7590887  7644933
            1024     512 1418039 2035716  5660167  7755368 7577494 2275110 6599461  2760606  7699755  2169388  2606476 5652717  7644933
            1024    1024 1276817 1590254  7113161  7699755 7644933 2398343 5950309  2968586  5853003  2343383  2035716 7644933  7699755
            2048       4 1010365 1244231  3574960  4385291 3465352 1552545 3407614  2228370  3470953  1575323  1302135 4146110  4221501
            2048       8 1164293 1384846  4572018  5884299 4807425 1897990 3977179  2730599  4875642  1833573  1494732 4531020  5674397
            2048      16 1216910 1955900  5104531  6543188 5868220 2096227 4730646  3074635  6075753  2066474  1762469 4831762  6479029
            2048      32 1246579 2094183  5461535  7213548 6807652 2265991 6732948  3549844  6823876  2235910  1707806 7088541  7189398
            2048      64 1261777 1575323  7529708  7636816 7368238 2411679 7135648  3418463  7336772  2250555  1713598 6024617  7582884
            2048     128 1235818 1593737  7393606  7582884 7059413 2400894 5785224  3436240  8067138  2090107  1753475 5868220  7523114
            2048     256 1306095 1820362  7503399  7643611 7368238 2350955 5430461  3319389  7336772  1794877  2319844 7368238  7470770
            2048     512 1896314 3396834  7882079 1071323710607402 381468710240672  5020987 10555264  3960675  3525079 5953632  7503399
            2048    1024 1919621 3506373 10503637 1072661510660056 3864455 6873016  4441984  9887060  2998435  3835124 5769681  7556202
            2048    2048 1963500 2592948 10848538 1067330210834854 4006862 7112016  3917325 10339282  4048407  2723672 5868220  7817519
            4096       4 1015850 1588257  3583764  4329816 3447830 1552658 3009363  2197530  3447830  1531209  1304093 3497668  4104315
            4096       8 1153181 1735549  4622213  5810280 4952675 1894600 4008550  2903080  4880914  1870262  1499795 4208889  5961494
            4096      16 1344719 1741354  5625724  7135072 6565206 2589355 6254490  3912691  6105563  2462779  1888353 6615769  7111444
            4096      32 1478753 1837653  5971855  7697744 7486415 2830382 5687181  4019805  7473388  2540722  1954077 7380284  7816828
            4096      64 2008917 2448040  7939654 1164101011809047 424005210718622  6839648 11348794  3968731  2665278 7683972 11601703
            4096     128 2208264 2351214  7585581 1150844211252164 4376138 7418527  7038605 10502389  3634562  2689058 7656576 11222762
            4096     256 2017646 3586757  7301864 1089536210978915 4329816 7222056  5961494 11099499  2545616  2658267 7249484 10580003
            4096     512 2190525 2568066  7529067 1083352711042425 4171080 7476641  5312585 11311433  3894067  2846325 7355007  9823772
            4096    1024 2057270 2558505  7380284 1036927211042425 4145915 7447471  5107271 10041975  2769693  3421735 7816828 10476771
            4096    2048 2124432 1916582  7237268  8393502 8142867 2932315 7774379  3419011  7261741  2307631  2966237 5753847  8260324
            4096    4096 1534080 1870466  8272256  8447153 8393502 2882622 6158088  2799936  7289472  2830382  2159141 6804432  8240513
            8192       4 1256444 1510331  4307455  4917099 4126896 1934364 3547798  2678118  4224832  1935781  1442970 4468800  4807033
            8192       8 1359930 1728287  5184962  6099933 5598961 2337110 4500997  3801358  6917874  3161898  2454125 5107124  6090202
            8192      16 1449422 1776173  5708730  5838720 6229323 2387617 5267631  3718664  6698058  2426568  1893223 5736369  6901200
            8192      32 1489962 1847118  6064404  7400641 7494262 2736125 5863631  3904601  7635827  2519817  1933058 6063334  7495897
            8192      64 1474995 1885845  6186701  7899143 8119403 2920552 6149057  6036702 10409500  3639492  2047073 6325656  7816482
            8192     128 2106950 2641673  7839667 1082262711538609 4471708 7507362  6590145 11573589  3840876  2671039 7915520 10437960
            8192     256 2121127 2618921  7605404 1001506311070196 4233160 7421421  6154564 11027561  3754421  2693866 7334293 10476150
            8192     512 2162104 2700217  7899143 1055661711457807 4493932 7607087  5825851 11024023  2698308  3211248 7669917 10434790
            8192    1024 2156269 2663172  7353127  929947010251112 3788783 7481208  5241116 10880890  2552007  2511345 7749491  9965682
            8192    2048 2171258 2647576  8395155 1033125211163712 4300447 7635827  5315713 10266427  2861211  2630751 7699133 10306460
            8192    4096 2185621 2659668  8962305 1111675711192805 4309616 7306221  4762392  8455064  2779732  3183872 7543623 10238893
            8192    8192 2173455 2627332  9798016  990535110278712 3912159 6580049  3965436  6978288  3680031  2785366 6258825  9153307
           16384       4 1905338 1559049  4411653  6769854 6904533 2795883 5601611  5380560  6792606  3066491  2265441 6325543  6968951
           16384       8 2020518 2413258  7491652  8574066 8948074 3387898 6823632  6407526  8948074  3340306  2440599 7314624  8376536
           16384      16 2059084 2469364  7536843  8632226 9670891 3612098 7083163  6720858  9665450  3424705  2509768 7406867  8577277
           16384      32 2040315 2527584  7884466  907091310515917 3693442 7623802  7252863  9688616  3386562  2565614 7779147  9209496
           16384      64 2042863 2582972  8015049  933079210793399 3746603 7820757  7016626 10995458  3594527  2635777 7984318  9267872
           16384     128 2166931 2624402  7753693  942679110744459 3952619 7724061  6542963 10694297  3551613  2636586 7630575  8942252
           16384     256 2161478 2641755  7420464  887985510001662 3869818 7282069  6236563  7684330  3205677  2622299 6921919  7423670
           16384     512 2150992 2657591  7414059  882738410226408 3788951 7481050  5722900  8059228  2890554  2690259 7447807  8613831
           16384    1024 2190415 2672370  7617042  888559610008945 3311334 7595993  5551830 11107424  2895669  2376865 7581746  8775530
           16384    2048 2224593 2690786  7857420  8992570 9781010 3675073 7567552  5574347 11062721  2788735  2424411 7651816  8536787
           16384    4096 2232470 2684060  7327103  9012620 9367679 3458835 7484309  5196256 10482232  2796338  2572914 7367164  8388806
           16384    8192 2125313 2571662  7768594  8179131 7831452 2957991 6728097  4231284  6030242  2838614  3124350 6741958  7634813
           16384   16384 2106162 2518598  5444935  5533055 5520166 2739813 4709456  2732949  4753105  2728391  2743532 4816063  5386043
           32768      64 2097030 2505412  7908878  8389219 8560078 2656502 7691988  7105062  7755795  2678401  2536251 7878502  8212760
           32768     128 2151692 2559393  7657702  7848359 8198064 2716141 7465935  7123475  8206385  2678662  2526646 7647050  7850601
           32768     256 2207187 2612222  7185672  7301337 7388473 2721142 7211309  6273801  7163948  2625245  2534660 7187550  7406789
           32768     512 2151827 2591143  6002538  6099775 6253533 2138634 5961142  4192537  6142027  2016008  1972662 5995991  6031250
           32768    1024 1554461 1893990  7489940  7871283 8139318 2815114 7438861  5721662  7595492  2297702  2275712 7472836  7559147
           32768    2048 2197588 2623741  7037755  7348967 7512047 2791386 7427203  5662493 10843476  2285058  2190653 7350146  7643648
           32768    4096 2187132 2600016  7376973  7907513 7970799 2746647 7337197  5463073 10284417  2374147  2293102 7388473  7622452
           32768    8192 2193730 2537609  7275056  7487900 7410384 2728868 6894075  4537315  8344397  2485252  2350476 6932326  7405193
           32768   16384 2071304 2447893  4901565  4931287 4879811 2660359 4606819  2978879  4591889  2628810  2970830 4621691  4865301
           65536      64 2066024 2472772  7987199  8360337 8213449 2590064 7851454  7087257  8346375  2546962  2529757 7919771  8296746
           65536     128 2178651 1880190  5846126  6059143 5994266 2016626 5908963  4635158  6130630  1875726  1954259 6076690  6139257
           65536     256 1540287 2563590  7315095  7539824 7606380 2739797 7375153  6284675  7713747  2513472  2494721    9672  6061414
           65536     512 2180760 2601463  7406152  7756628 7836457 2739579 7422751  5753375  7670268  2513081  2498803 7535483  7705746
           65536    1024 2195724 2489772  7558899  7967058 7790925 2809698 7661502  5713671  7736326  2260494  2262894    9976  6180947
           65536    2048 2182214 2386428  7478692  7813069 7831769 2750489 7481339  5466312  7575565  2178358  2203486 7579116  7729147
           65536    4096 2158125 2593755  7579116  7911110 7883656 2767910 7535483  5571344 10386152  2185407  2160976    8782  6217859
           65536    8192 2155367 2550223  7237665  7499096 7013657 2713723 7095673  4782996  8863367  2171131  2104299 5840413  6086243
           65536   16384 1515983 1823731  3905136  4118650 4118403 2009696 3931387  3050037  4519694  2282379  2283004 4561925  4553310
          131072      64 2068097 2472781  8131423  8422561 8145157 2521193    2722  6391929  6544103  2165409  1486634 5101867  5101630
          131072     128 1224662 1433672  5836370  5853272 5771059 2053428 5790938  7053685  5825671  1911616  1939394 5856141  5855579
          131072     256 2134237 1876499  5925190  6001517 5954842 1980453 5911619  4093435  5919894  1882971  1889274 5932223  6009980
          131072     512 2161509 2591014  7481217  7717841 7466383 2805466 7545910  5848291  7752560  2517418  2505292 6111466  6152159
          131072    1024 1528747 1902046  7158110  7709183 7790351 2741352 7608044  5606160  7682144  2207156  2215401 7632443  7774157
          131072    2048 2218960 2638479  7707886  8040209 8015124 2777304 7857043  5724666  7910632  2183877  2178322   10014  6078289
          131072    4096 2206677 2610887  7634245  7913593 7897791 2784732    7703  5452206  7611204  2093065  1660819    8867  4969912
          131072    8192 1541785 1950243  4395732  4567792 4533178 1424618    8340  4520653  8557868  1623624  1228947 5010223  5188538
          131072   16384 1085590 1775371  3265207  3492468 3471276 2204668 3063204  2825929  3033105  1562877  1534624 2933504  2975870
          262144      64 1827740 1439798     9376  5695186 6909613 2326901 7463585  6138174  7646712  2287190  2277134    9033  5329110
          262144     128 1967634 2105151  7414413  7566151 7455741 2502491    1975  6050354  6870538  2290363  1526953    7699  3954084
          262144     256 1936544 2309215     8651  5291664 6555059 2437548 5301513  4548966  7098578  1923087  2255020 7030628  7135108
          262144     512 2156853 2613443  7270853  7663928 7646233 2749914    4464  5679037  7524623  2473426  1359464 5655144  5799882
          262144    1024 1955233 1582543     9105  4494924 6742706 2469864 5686909  3315179  5698049  1573653  1564535    8769  5544022
          262144    2048 1980192 2362910  7219199  7382056 7397901 2663411 5745120  5835652  7318572  1961008  1833265 5737087  5852083
          262144    4096 1922946 1492991  5537935  5620454 5595513 1658068    6356  4176733  6321146  1614156  1611240    9809  5063634
          262144    8192 1514197 1831405  5952127  6142666 6181900 2049011 5907230  3528805  6090302  1513445  1525574    9219  4208982
          262144   16384 1459632 1746659  3983957  4041686 4028211 1909557 3982139  2477846  3929187  1524641  1508681    9600  3488643
          524288      64 1502515 1800432     9535  3719065 4716638 1607210 6247246  6502315  6211635  2001146  1502498 4881589  4961417
          524288     128 1489839 2574330     9121  3678958 4641357 1666834 4759504  4365429  4773544  1557632  1543068 4855236  4876241
          524288     256 1522742 1821854  5907528  6090350 5992479 1993196 5874890  4111324  5979298  1791170  2368463    9548  4867046
          524288     512 1514819 1395240     9670  4192930 5434842 1716232    3270  3960656  6323578  1855453  1828519 6333121  6395394
          524288    1024 1563676 1835813  6324960  6467509 6468461 2088746 6320852  4087830  6448411  1676272  1678569    8843  3736957
          524288    2048 1535996 1818682     8979  5136550 6404297 2018215 6261797  3918536  6379827  1643437  1637862 6397515  6434317
          524288    4096 1566638 1888039  6498184  6562469 6560316 2067243 6497646  3925335  6555329  1633036  1627046 6535554  6541347
          524288    8192 1555423 1827717  6154543  6252753 6116284 2026852 6178840  3642233  6209372  1508026  1516606    9569  5001408
          524288   16384 1455801 1766147     9519  3600878 4037773 1936513    9120  2503633  4056259  1501564  1480634    9807  3559852
         1048576      64 1509165 1800158     9679  5136927 6036846 1846139     776  4234959  6045925  1785192  1830061    9274  7118402
         1048576     128 2174917 1805271     9503  5071730 6026712 1991434    1444  6517876  8227478  2474521  2193586    8641  5542509
         1048576     256 2150527 2556094     9976  6759073 7820058 2753389    1594  4222748  6006308  1833648  1840178    9573  4982115
         1048576     512 1528008 1847861     9216  5101368 6194293 2024907 6248664  3747030  6235102  1866594  1842607    9416  5103428
         1048576    1024 1518071 1839622     9500  5188940 6354853 2032435 6303772  3941941  6376606  1674857  1452961    9241  4590216
         1048576    2048 1986914 1706588     9187  6697470 6380806 2675294    4549  3958310  6346041  1660332  1624211 4844384  4931646
         1048576    4096 1395291 2358825     8880  5942215 6894086 2516580    6336  5187526  6872304  1744628  1394475 6185338  6205585
         1048576    8192 1375878 1809743     9291  4143733 5294578 1690188    6752  5062215  6567475  1534675  1144056    9174  5610148
         1048576   16384 1805371 1457766     9507  4064043 4523679 2606880 4537877  3163477  4535837  1864701  1881052    8892  3563650
         2097152      64 1953033 2408086     8854  6879763 7976450 2471923 5990082  4379139  5967701  1717881  1736689    9198  5042090
         2097152     128 1484963 1753044     8956  6919487 7967751 2611301    1127  6291084  6471113  1972232  2175996    9501  4912734
         2097152     256 1625452 1829428     9053  6192478 7473577 2581205    1807  6106134  7449443  2383441  1495886    8582  6069394
         2097152     512 2157557 2515795     9225  5952001 7567834 2613892    2052  3883586  6067728  1770528  1809775    9216  5012039
         2097152    1024 1512656 1778285     9641  5092327 6216272 1919365    4315  3909117  6169563  1600221  1492997    9727  6620259
         2097152    2048 2162956 2085342     8763  5088529 6250249 1924428    4792  4035009  6218039  1594248  1594119    8331  5229140
         2097152    4096 1694557 1840529     8799  6697810 7732150 2664000    5941  5319846  7681252  2028836  1582197    8875  6765726
         2097152    8192 2158656 2050218     8963  6506184 7478928 2570606 5472004  4243572  5600963  1341671  1253034    8719  6561595
         2097152   16384 2067607 2189905     9522  3551659 3993989 1822304 4014688  2411908  4013909  1406707  1429502    9783  3063660
         4194304      64 1429716 1699865     8540  5099029 5905582 1780397 6059382  4004299  6013752  1709914  1794549    8965  5055661
         4194304     128 1467929 1780220     9094  5019727 5916168 1844412 6064868  4183861  6038461  1736155  1747423    9140  6904864
         4194304     256 2118330 1768260     9308  6659814 4711911 2526711 6061535  4066635  6021108  1790586  1777401    8989  4901519
         4194304     512 2097282 1751580     9265  4869866 5781441 1796498 7707312  4588562  5554346  1818598  1959727    8695  6539795
         4194304    1024 2100688 2176745     8788  6565346 7662242 2598988    3771  4040588  7174949  2138038  2102392    8543  5103484
         

iozone: interrupted

Excel output is below:

"Writer report"
        "4"  "8"  "16"  "32"  "64"  "128"  "256"  "512"  "1024"  "2048"  "4096"  "8192"  "16384"
"64"   1105556  1562436  1638743  1638743  1722886 
"128"   1684006  1858934  1642783  1878447  2066432  1997245 
"256"   1732384  1894373  2030503  1967260  2065659  2081678  1881098 
"512"   1785395  1904125  2007358  1947291  2039772  1889050  1406520  1778004 
"1024"   1607514  1709912  1245710  1294520  1389594  1796451  2040552  1418039  1276817 
"2048"   1010365  1164293  1216910  1246579  1261777  1235818  1306095  1896314  1919621  1963500 
"4096"   1015850  1153181  1344719  1478753  2008917  2208264  2017646  2190525  2057270  2124432  1534080 
"8192"   1256444  1359930  1449422  1489962  1474995  2106950  2121127  2162104  2156269  2171258  2185621  2173455 
"16384"   1905338  2020518  2059084  2040315  2042863  2166931  2161478  2150992  2190415  2224593  2232470  2125313  2106162 
"32768"   0  0  0  0  2097030  2151692  2207187  2151827  1554461  2197588  2187132  2193730  2071304 
"65536"   0  0  0  0  2066024  2178651  1540287  2180760  2195724  2182214  2158125  2155367  1515983 
"131072"   0  0  0  0  2068097  1224662  2134237  2161509  1528747  2218960  2206677  1541785  1085590 
"262144"   0  0  0  0  1827740  1967634  1936544  2156853  1955233  1980192  1922946  1514197  1459632 
"524288"   0  0  0  0  1502515  1489839  1522742  1514819  1563676  1535996  1566638  1555423  1455801 
"1048576"   0  0  0  0  1509165  2174917  2150527  1528008  1518071  1986914  1395291  1375878  1805371 
"2097152"   0  0  0  0  1953033  1484963  1625452  2157557  1512656  2162956  1694557  2158656  2067607 
"4194304"   0  0  0  0  1429716  1467929  2118330  2097282  2100688  1761691 

"Re-writer report"
        "4"  "8"  "16"  "32"  "64"  "128"  "256"  "512"  "1024"  "2048"  "4096"  "8192"  "16384"
"64"   2923952  3203069  3541098  3363612  3363612 
"128"   3277486  3895854  3657016  3785961  3895854  3867787 
"256"   3545976  3935921  2413957  4070199  4197489  4197489  3879045 
"512"   3533174  3913012  3788747  3346002  4099771  3325278  1924603  3437042 
"1024"   2640123  2028027  2202766  2326879  2188177  3671521  3324778  2035716  1590254 
"2048"   1244231  1384846  1955900  2094183  1575323  1593737  1820362  3396834  3506373  2592948 
"4096"   1588257  1735549  1741354  1837653  2448040  2351214  3586757  2568066  2558505  1916582  1870466 
"8192"   1510331  1728287  1776173  1847118  1885845  2641673  2618921  2700217  2663172  2647576  2659668  2627332 
"16384"   1559049  2413258  2469364  2527584  2582972  2624402  2641755  2657591  2672370  2690786  2684060  2571662  2518598 
"32768"   0  0  0  0  2505412  2559393  2612222  2591143  1893990  2623741  2600016  2537609  2447893 
"65536"   0  0  0  0  2472772  1880190  2563590  2601463  2489772  2386428  2593755  2550223  1823731 
"131072"   0  0  0  0  2472781  1433672  1876499  2591014  1902046  2638479  2610887  1950243  1775371 
"262144"   0  0  0  0  1439798  2105151  2309215  2613443  1582543  2362910  1492991  1831405  1746659 
"524288"   0  0  0  0  1800432  2574330  1821854  1395240  1835813  1818682  1888039  1827717  1766147 
"1048576"   0  0  0  0  1800158  1805271  2556094  1847861  1839622  1706588  2358825  1809743  1457766 
"2097152"   0  0  0  0  2408086  1753044  1829428  2515795  1778285  2085342  1840529  2050218  2189905 
"4194304"   0  0  0  0  1699865  1780220  1768260  1751580  2176745  1787992 

"Reader report"
        "4"  "8"  "16"  "32"  "64"  "128"  "256"  "512"  "1024"  "2048"  "4096"  "8192"  "16384"
"64"   7100397  6421025  10402178  10402178  12310336 
"128"   9129573  10779307  10779307  11470204  11720614  11720614 
"256"   9192546  10651598  10651598  11569783  12228612  12228612  11091721 
"512"   9145790  11374040  8701110  11620224  12215097  8234036  8109658  10434519 
"1024"   8326715  7020149  5885083  7699755  8061038  7883484  8914314  5660167  7113161 
"2048"   3574960  4572018  5104531  5461535  7529708  7393606  7503399  7882079  10503637  10848538 
"4096"   3583764  4622213  5625724  5971855  7939654  7585581  7301864  7529067  7380284  7237268  8272256 
"8192"   4307455  5184962  5708730  6064404  6186701  7839667  7605404  7899143  7353127  8395155  8962305  9798016 
"16384"   4411653  7491652  7536843  7884466  8015049  7753693  7420464  7414059  7617042  7857420  7327103  7768594  5444935 
"32768"   0  0  0  0  7908878  7657702  7185672  6002538  7489940  7037755  7376973  7275056  4901565 
"65536"   0  0  0  0  7987199  5846126  7315095  7406152  7558899  7478692  7579116  7237665  3905136 
"131072"   0  0  0  0  8131423  5836370  5925190  7481217  7158110  7707886  7634245  4395732  3265207 
"262144"   0  0  0  0  9376  7414413  8651  7270853  9105  7219199  5537935  5952127  3983957 
"524288"   0  0  0  0  9535  9121  5907528  9670  6324960  8979  6498184  6154543  9519 
"1048576"   0  0  0  0  9679  9503  9976  9216  9500  9187  8880  9291  9507 
"2097152"   0  0  0  0  8854  8956  9053  9225  9641  8763  8799  8963  9522 
"4194304"   0  0  0  0  8540  9094  9308  9265  8788  9318 

"Re-Reader report"
        "4"  "8"  "16"  "32"  "64"  "128"  "256"  "512"  "1024"  "2048"  "4096"  "8192"  "16384"
"64"   10821524  12902017  15972885  15972885  15972885 
"128"   9977956  12842051  12542043  12842051  14200794  14200794 
"256"   9518507  12228612  12228612  12812277  13454450  12812277  11695808 
"512"   9510316  11683444  10911694  12215097  12797441  11877300  8234036  10641343 
"1024"   8525047  10454984  6918376  7869040  8262639  10769573  10906310  7755368  7699755 
"2048"   4385291  5884299  6543188  7213548  7636816  7582884  7643611  10713237  10726615  10673302 
"4096"   4329816  5810280  7135072  7697744  11641010  11508442  10895362  10833527  10369272  8393502  8447153 
"8192"   4917099  6099933  5838720  7400641  7899143  10822627  10015063  10556617  9299470  10331252  11116757  9905351 
"16384"   6769854  8574066  8632226  9070913  9330792  9426791  8879855  8827384  8885596  8992570  9012620  8179131  5533055 
"32768"   0  0  0  0  8389219  7848359  7301337  6099775  7871283  7348967  7907513  7487900  4931287 
"65536"   0  0  0  0  8360337  6059143  7539824  7756628  7967058  7813069  7911110  7499096  4118650 
"131072"   0  0  0  0  8422561  5853272  6001517  7717841  7709183  8040209  7913593  4567792  3492468 
"262144"   0  0  0  0  5695186  7566151  5291664  7663928  4494924  7382056  5620454  6142666  4041686 
"524288"   0  0  0  0  3719065  3678958  6090350  4192930  6467509  5136550  6562469  6252753  3600878 
"1048576"   0  0  0  0  5136927  5071730  6759073  5101368  5188940  6697470  5942215  4143733  4064043 
"2097152"   0  0  0  0  6879763  6919487  6192478  5952001  5092327  5088529  6697810  6506184  3551659 
"4194304"   0  0  0  0  5099029  5019727  6659814  4869866  6565346  5128068 

"Random read report"
        "4"  "8"  "16"  "32"  "64"  "128"  "256"  "512"  "1024"  "2048"  "4096"  "8192"  "16384"
"64"   6421025  7100397  10821524  9006179  10402178 
"128"   7176872  9129573  9795896  10567140  10567140  10567140 
"256"   7314033  9778562  10245071  11569783  11569783  11091721  10758322 
"512"   7435738  9638369  10235583  11138071  11620224  11374040  8109658  10434519 
"1024"   6963241  8391792  6244448  6733974  7826025  11018226  10662628  7577494  7644933 
"2048"   3465352  4807425  5868220  6807652  7368238  7059413  7368238  10607402  10660056  10834854 
"4096"   3447830  4952675  6565206  7486415  11809047  11252164  10978915  11042425  11042425  8142867  8393502 
"8192"   4126896  5598961  6229323  7494262  8119403  11538609  11070196  11457807  10251112  11163712  11192805  10278712 
"16384"   6904533  8948074  9670891  10515917  10793399  10744459  10001662  10226408  10008945  9781010  9367679  7831452  5520166 
"32768"   0  0  0  0  8560078  8198064  7388473  6253533  8139318  7512047  7970799  7410384  4879811 
"65536"   0  0  0  0  8213449  5994266  7606380  7836457  7790925  7831769  7883656  7013657  4118403 
"131072"   0  0  0  0  8145157  5771059  5954842  7466383  7790351  8015124  7897791  4533178  3471276 
"262144"   0  0  0  0  6909613  7455741  6555059  7646233  6742706  7397901  5595513  6181900  4028211 
"524288"   0  0  0  0  4716638  4641357  5992479  5434842  6468461  6404297  6560316  6116284  4037773 
"1048576"   0  0  0  0  6036846  6026712  7820058  6194293  6354853  6380806  6894086  5294578  4523679 
"2097152"   0  0  0  0  7976450  7967751  7473577  7567834  6216272  6250249  7732150  7478928  3993989 
"4194304"   0  0  0  0  5905582  5916168  4711911  5781441  7662242  6268003 

"Random write report"
        "4"  "8"  "16"  "32"  "64"  "128"  "256"  "512"  "1024"  "2048"  "4096"  "8192"  "16384"
"64"   3203069  3057153  3363612  4018152  4274062 
"128"   3445772  4012317  4135958  4407601  4407601  4407601 
"256"   3557725  3935921  4264168  4652146  4734192  4652146  4572895 
"512"   3366987  3877684  3849877  4447925  4690818  4375425  3046915  3504346 
"1024"   3170172  3345496  2439205  2598591  2774874  3778101  3821805  2275110  2398343 
"2048"   1552545  1897990  2096227  2265991  2411679  2400894  2350955  3814687  3864455  4006862 
"4096"   1552658  1894600  2589355  2830382  4240052  4376138  4329816  4171080  4145915  2932315  2882622 
"8192"   1934364  2337110  2387617  2736125  2920552  4471708  4233160  4493932  3788783  4300447  4309616  3912159 
"16384"   2795883  3387898  3612098  3693442  3746603  3952619  3869818  3788951  3311334  3675073  3458835  2957991  2739813 
"32768"   0  0  0  0  2656502  2716141  2721142  2138634  2815114  2791386  2746647  2728868  2660359 
"65536"   0  0  0  0  2590064  2016626  2739797  2739579  2809698  2750489  2767910  2713723  2009696 
"131072"   0  0  0  0  2521193  2053428  1980453  2805466  2741352  2777304  2784732  1424618  2204668 
"262144"   0  0  0  0  2326901  2502491  2437548  2749914  2469864  2663411  1658068  2049011  1909557 
"524288"   0  0  0  0  1607210  1666834  1993196  1716232  2088746  2018215  2067243  2026852  1936513 
"1048576"   0  0  0  0  1846139  1991434  2753389  2024907  2032435  2675294  2516580  1690188  2606880 
"2097152"   0  0  0  0  2471923  2611301  2581205  2613892  1919365  1924428  2664000  2570606  1822304 
"4194304"   0  0  0  0  1780397  1844412  2526711  1796498  2598988  1948373 

"Backward read report"
        "4"  "8"  "16"  "32"  "64"  "128"  "256"  "512"  "1024"  "2048"  "4096"  "8192"  "16384"
"64"   5283570  5735102  6421025  6421025  7100397 
"128"   5545860  5847904  8036304  9129573  6727225  8548124 
"256"   6891544  8815202  8815202  9868433  10245071  9868433  6891544 
"512"   5278892  9304292  9468384  10235583  10911694  9814569  7410080  9468384 
"1024"   5593820  8750850  4694950  5390231  5472650  9655828  6479979  6599461  5950309 
"2048"   3407614  3977179  4730646  6732948  7135648  5785224  5430461  10240672  6873016  7112016 
"4096"   3009363  4008550  6254490  5687181  10718622  7418527  7222056  7476641  7447471  7774379  6158088 
"8192"   3547798  4500997  5267631  5863631  6149057  7507362  7421421  7607087  7481208  7635827  7306221  6580049 
"16384"   5601611  6823632  7083163  7623802  7820757  7724061  7282069  7481050  7595993  7567552  7484309  6728097  4709456 
"32768"   0  0  0  0  7691988  7465935  7211309  5961142  7438861  7427203  7337197  6894075  4606819 
"65536"   0  0  0  0  7851454  5908963  7375153  7422751  7661502  7481339  7535483  7095673  3931387 
"131072"   0  0  0  0  2722  5790938  5911619  7545910  7608044  7857043  7703  8340  3063204 
"262144"   0  0  0  0  7463585  1975  5301513  4464  5686909  5745120  6356  5907230  3982139 
"524288"   0  0  0  0  6247246  4759504  5874890  3270  6320852  6261797  6497646  6178840  9120 
"1048576"   0  0  0  0  776  1444  1594  6248664  6303772  4549  6336  6752  4537877 
"2097152"   0  0  0  0  5990082  1127  1807  2052  4315  4792  5941  5472004  4014688 
"4194304"   0  0  0  0  6059382  6064868  6061535  7707312  3771  4886 

"Record rewrite report"
        "4"  "8"  "16"  "32"  "64"  "128"  "256"  "512"  "1024"  "2048"  "4096"  "8192"  "16384"
"64"   4564786  4897948  4564786  4564786  4274062 
"128"   4759253  5325799  5603747  5325799  4889281  4557257 
"256"   4840911  6107548  5971678  5938650  5938650  5455847  4572895 
"512"   5227492  6086873  5684095  6246213  5886650  5886650  3437042  3736016 
"1024"   4826859  5096034  3324778  3680961  3894582  5925680  5089995  2760606  2968586 
"2048"   2228370  2730599  3074635  3549844  3418463  3436240  3319389  5020987  4441984  3917325 
"4096"   2197530  2903080  3912691  4019805  6839648  7038605  5961494  5312585  5107271  3419011  2799936 
"8192"   2678118  3801358  3718664  3904601  6036702  6590145  6154564  5825851  5241116  5315713  4762392  3965436 
"16384"   5380560  6407526  6720858  7252863  7016626  6542963  6236563  5722900  5551830  5574347  5196256  4231284  2732949 
"32768"   0  0  0  0  7105062  7123475  6273801  4192537  5721662  5662493  5463073  4537315  2978879 
"65536"   0  0  0  0  7087257  4635158  6284675  5753375  5713671  5466312  5571344  4782996  3050037 
"131072"   0  0  0  0  6391929  7053685  4093435  5848291  5606160  5724666  5452206  4520653  2825929 
"262144"   0  0  0  0  6138174  6050354  4548966  5679037  3315179  5835652  4176733  3528805  2477846 
"524288"   0  0  0  0  6502315  4365429  4111324  3960656  4087830  3918536  3925335  3642233  2503633 
"1048576"   0  0  0  0  4234959  6517876  4222748  3747030  3941941  3958310  5187526  5062215  3163477 
"2097152"   0  0  0  0  4379139  6291084  6106134  3883586  3909117  4035009  5319846  4243572  2411908 
"4194304"   0  0  0  0  4004299  4183861  4066635  4588562  4040588  3865725 

"Stride read report"
        "4"  "8"  "16"  "32"  "64"  "128"  "256"  "512"  "1024"  "2048"  "4096"  "8192"  "16384"
"64"   7100397  9006179  9006179  9006179  10402178 
"128"   6727225  10567140  10779307  11720614  10567140  10567140 
"256"   7120034  9114515  11569783  12228612  12090911  11695808  10651598 
"512"   6999490  9510316  9859630  12499490  12797441  12146009  8140399  10235583 
"1024"   4949226  8680108  4474829  7208671  8457895  12639479  9743447  7699755  5853003 
"2048"   3470953  4875642  6075753  6823876  7336772  8067138  7336772  10555264  9887060  10339282 
"4096"   3447830  4880914  6105563  7473388  11348794  10502389  11099499  11311433  10041975  7261741  7289472 
"8192"   4224832  6917874  6698058  7635827  10409500  11573589  11027561  11024023  10880890  10266427  8455064  6978288 
"16384"   6792606  8948074  9665450  9688616  10995458  10694297  7684330  8059228  11107424  11062721  10482232  6030242  4753105 
"32768"   0  0  0  0  7755795  8206385  7163948  6142027  7595492  10843476  10284417  8344397  4591889 
"65536"   0  0  0  0  8346375  6130630  7713747  7670268  7736326  7575565  10386152  8863367  4519694 
"131072"   0  0  0  0  6544103  5825671  5919894  7752560  7682144  7910632  7611204  8557868  3033105 
"262144"   0  0  0  0  7646712  6870538  7098578  7524623  5698049  7318572  6321146  6090302  3929187 
"524288"   0  0  0  0  6211635  4773544  5979298  6323578  6448411  6379827  6555329  6209372  4056259 
"1048576"   0  0  0  0  6045925  8227478  6006308  6235102  6376606  6346041  6872304  6567475  4535837 
"2097152"   0  0  0  0  5967701  6471113  7449443  6067728  6169563  6218039  7681252  5600963  4013909 
"4194304"   0  0  0  0  6013752  6038461  6021108  5554346  7174949  6254237 

"Fwrite report"
        "4"  "8"  "16"  "32"  "64"  "128"  "256"  "512"  "1024"  "2048"  "4096"  "8192"  "16384"
"64"   3022727  3588436  3406295  3165299  4018152 
"128"   3359523  3759450  3867787  4407601  3036502  3895854 
"256"   3511189  4009406  4070199  4332998  4840911  3454704  4496299 
"512"   3459188  3905895  3905895  4195896  4262523  4571003  2736325  3556580 
"1024"   2578312  3210456  2027069  2403712  1858644  3821805  2968586  2169388  2343383 
"2048"   1575323  1833573  2066474  2235910  2250555  2090107  1794877  3960675  2998435  4048407 
"4096"   1531209  1870262  2462779  2540722  3968731  3634562  2545616  3894067  2769693  2307631  2830382 
"8192"   1935781  3161898  2426568  2519817  3639492  3840876  3754421  2698308  2552007  2861211  2779732  3680031 
"16384"   3066491  3340306  3424705  3386562  3594527  3551613  3205677  2890554  2895669  2788735  2796338  2838614  2728391 
"32768"   0  0  0  0  2678401  2678662  2625245  2016008  2297702  2285058  2374147  2485252  2628810 
"65536"   0  0  0  0  2546962  1875726  2513472  2513081  2260494  2178358  2185407  2171131  2282379 
"131072"   0  0  0  0  2165409  1911616  1882971  2517418  2207156  2183877  2093065  1623624  1562877 
"262144"   0  0  0  0  2287190  2290363  1923087  2473426  1573653  1961008  1614156  1513445  1524641 
"524288"   0  0  0  0  2001146  1557632  1791170  1855453  1676272  1643437  1633036  1508026  1501564 
"1048576"   0  0  0  0  1785192  2474521  1833648  1866594  1674857  1660332  1744628  1534675  1864701 
"2097152"   0  0  0  0  1717881  1972232  2383441  1770528  1600221  1594248  2028836  1341671  1406707 
"4194304"   0  0  0  0  1709914  1736155  1790586  1818598  2138038  1588588 

"Re-Fwrite report"
        "4"  "8"  "16"  "32"  "64"  "128"  "256"  "512"  "1024"  "2048"  "4096"  "8192"  "16384"
"64"   2801873  3541098  4018152  5283570  3541098 
"128"   3277486  3895854  4135958  4717434  6114306  3759450 
"256"   3410808  4070199  4197489  4477549  5022044  6761355  4477549 
"512"   3012719  3259661  2860238  3140488  4494470  3239989  4784885  2739816 
"1024"   2043465  2169388  2559871  1808555  1875690  2559871  4300102  2606476  2035716 
"2048"   1302135  1494732  1762469  1707806  1713598  1753475  2319844  3525079  3835124  2723672 
"4096"   1304093  1499795  1888353  1954077  2665278  2689058  2658267  2846325  3421735  2966237  2159141 
"8192"   1442970  2454125  1893223  1933058  2047073  2671039  2693866  3211248  2511345  2630751  3183872  2785366 
"16384"   2265441  2440599  2509768  2565614  2635777  2636586  2622299  2690259  2376865  2424411  2572914  3124350  2743532 
"32768"   0  0  0  0  2536251  2526646  2534660  1972662  2275712  2190653  2293102  2350476  2970830 
"65536"   0  0  0  0  2529757  1954259  2494721  2498803  2262894  2203486  2160976  2104299  2283004 
"131072"   0  0  0  0  1486634  1939394  1889274  2505292  2215401  2178322  1660819  1228947  1534624 
"262144"   0  0  0  0  2277134  1526953  2255020  1359464  1564535  1833265  1611240  1525574  1508681 
"524288"   0  0  0  0  1502498  1543068  2368463  1828519  1678569  1637862  1627046  1516606  1480634 
"1048576"   0  0  0  0  1830061  2193586  1840178  1842607  1452961  1624211  1394475  1144056  1881052 
"2097152"   0  0  0  0  1736689  2175996  1495886  1809775  1492997  1594119  1582197  1253034  1429502 
"4194304"   0  0  0  0  1794549  1747423  1777401  1959727  2102392  1585555 

"Fread report"
        "4"  "8"  "16"  "32"  "64"  "128"  "256"  "512"  "1024"  "2048"  "4096"  "8192"  "16384"
"64"   5389653  9318832  5860307  9006179  9318832 
"128"   7917784  6727225  9795896  10779307  10779307  10779307 
"256"   5971678  10651598  6891544  11091721  10245071  11091721  10651598 
"512"   8394979  7540170  10235583  10641343  7758090  10694336  5951911  7871843 
"1024"   7699755  9855234  5336651  5950309  5983467  11103681  7590887  5652717  7644933 
"2048"   4146110  4531020  4831762  7088541  6024617  5868220  7368238  5953632  5769681  5868220 
"4096"   3497668  4208889  6615769  7380284  7683972  7656576  7249484  7355007  7816828  5753847  6804432 
"8192"   4468800  5107124  5736369  6063334  6325656  7915520  7334293  7669917  7749491  7699133  7543623  6258825 
"16384"   6325543  7314624  7406867  7779147  7984318  7630575  6921919  7447807  7581746  7651816  7367164  6741958  4816063 
"32768"   0  0  0  0  7878502  7647050  7187550  5995991  7472836  7350146  7388473  6932326  4621691 
"65536"   0  0  0  0  7919771  6076690  9672  7535483  9976  7579116  8782  5840413  4561925 
"131072"   0  0  0  0  5101867  5856141  5932223  6111466  7632443  10014  8867  5010223  2933504 
"262144"   0  0  0  0  9033  7699  7030628  5655144  8769  5737087  9809  9219  9600 
"524288"   0  0  0  0  4881589  4855236  9548  6333121  8843  6397515  6535554  9569  9807 
"1048576"   0  0  0  0  9274  8641  9573  9416  9241  4844384  6185338  9174  8892 
"2097152"   0  0  0  0  9198  9501  8582  9216  9727  8331  8875  8719  9783 
"4194304"   0  0  0  0  8965  9140  8989  8695  8543  0 

"Re-Fread report"
        "4"  "8"  "16"  "32"  "64"  "128"  "256"  "512"  "1024"  "2048"  "4096"  "8192"  "16384"
"64"   7940539  12902017  12902017  10402178  10821524 
"128"   9287508  9129573  11720614  11470204  11720614  12842051 
"256"   8534922  10651598  11695808  12228612  12090911  11569783  11207494 
"512"   8528336  10856530  10856530  11620224  10911694  11374040  10641343  10641343 
"1024"   7927135  9402175  6744549  7755368  8061038  11278631  7644933  7644933  7699755 
"2048"   4221501  5674397  6479029  7189398  7582884  7523114  7470770  7503399  7556202  7817519 
"4096"   4104315  5961494  7111444  7816828  11601703  11222762  10580003  9823772  10476771  8260324  8240513 
"8192"   4807033  6090202  6901200  7495897  7816482  10437960  10476150  10434790  9965682  10306460  10238893  9153307 
"16384"   6968951  8376536  8577277  9209496  9267872  8942252  7423670  8613831  8775530  8536787  8388806  7634813  5386043 
"32768"   0  0  0  0  8212760  7850601  7406789  6031250  7559147  7643648  7622452  7405193  4865301 
"65536"   0  0  0  0  8296746  6139257  6061414  7705746  6180947  7729147  6217859  6086243  4553310 
"131072"   0  0  0  0  5101630  5855579  6009980  6152159  7774157  6078289  4969912  5188538  2975870 
"262144"   0  0  0  0  5329110  3954084  7135108  5799882  5544022  5852083  5063634  4208982  3488643 
"524288"   0  0  0  0  4961417  4876241  4867046  6395394  3736957  6434317  6541347  5001408  3559852 
"1048576"   0  0  0  0  7118402  5542509  4982115  5103428  4590216  4931646  6205585  5610148  3563650 
"2097152"   0  0  0  0  5042090  4912734  6069394  5012039  6620259  5229140  6765726  6561595  3063660 
"4194304"   0  0  0  0  5055661  6904864  4901519  6539795  5103484  0 
exiting iozone

