compute-641-8
	Iozone: Performance Test of File I/O
	        Version $Revision: 3.397 $
		Compiled for 64 bit mode.
		Build: linux-AMD64 

	Contributors:William Norcott, Don Capps, Isom Crawford, Kirby Collins
	             Al Slater, Scott Rhine, Mike Wisner, Ken Goss
	             Steve Landherr, Brad Smith, Mark Kelly, Dr. Alain CYR,
	             Randy Dunlap, Mark Montague, Dan Million, Gavin Brebner,
	             Jean-Marc Zucconi, Jeff Blomberg, Benny Halevy, Dave Boone,
	             Erik Habbinga, Kris Strecker, Walter Wong, Joshua Root,
	             Fabrice Bacchella, Zhenghua Xue, Qin Li, Darren Sawyer.
	             Ben England.

	Run began: Fri May  1 22:54:30 2015

	Excel chart generation enabled
	Auto Mode
	Command line used: /opt/iozone/bin/iozone -Ra -b 6418.xls -f 6418.tmp
	Output is in Kbytes/sec
	Time Resolution = 0.000001 seconds.
	Processor cache size set to 1024 Kbytes.
	Processor cache line size set to 32 bytes.
	File stride size set to 17 * record size.
                                                            random  random    bkwd   record   stride                                   
              KB  reclen   write rewrite    read    reread    read   write    read  rewrite     read   fwrite frewrite   fread  freread
              64       4  673098 1679761  4018152  5283570 3588436 1648808 2923952  2298136  3738358  1690338  1828508 3791156  4564786
              64       8 1357066 2298136 10821524 12902017 7940539 3541098 5283570  4564786  7940539  3363612  3363612 7940539  9318832
              64      16 1083249 2133730  6421025  7100397 5389653 2298136 4274062  2662899  5735102  2203800  2801873 6421025  6421025
              64      32 1210227 2203800  7100397  9006179 7100397 2467108 4897948  2772930  6271021  2358717  3738358 6421025  7940539
              64      64 1249666 2298136  8182586  9318832 7100397 2067979 5389653  2561267  6271021  2467108  2689580 7100397  7940539
             128       4 1114289 1827299  4596273  4934216 3657016 1802755 3468030  2367096  3560017  1827299  1885042 4407601  4557257
             128       8 1306873 2098744  6727225  7082197 5847904 2843510 3759450  2727923  4267461  2248149  2286447 5545860  5784891
             128      16 1240443 2248149  6727225  7176872 5847904 2499332 5325799  3199360  6727225  2558895  2660335 6406138  6727225
             128      32 1377278 2464907  7582312  7476717 6727225 2727923 5847904  3277486  7082197  2969325  3124872 7082197  7082197
             128      64 1487977 2248149  8036304  8036304 7176872 2784517 6406138  3199360  7476717  2621367  4267461 6406138  8036304
             128     128 1852520 3895854 11720614 1588107811720614 4407601 9129573  4557257 10567140  4444086  426746110567140 11470204
             256       4 1103757 1881098  4755158  4929815 3770085 1911233 3605511  2290377  3770085  1855098  1897721 4404088  4652146
             256       8 1332507 2077650  5971678  6249745 4929815 2305128 3994490  3043436  5022044  2266207  2310087 5841722  5810112
             256      16 1487577 2366082  6719046  7120034 6213578 2613746 5455847  3368013  6719046  2557711  1894373 6398720  6719046
             256      32 1447470 2533571  7314033  7518900 6936061 2812272 6249745  3410808  7518900  2754556  2672291 7314033  7314033
             256      64 1591186 2588541  7735574  8024634 7314033 2943325 6936061  3557725  8024634  3159869  3326279 7518900  7518900
             256     128 1600674 2582316  7735574  7965107 7518900 2975955 6719046  3197509  7571923  2419396  4496299 7791708  7791708
             256     256 1471270 2582316  7735574  7965107 7791708 2911402 6891544  2935279  7518900  2911402  2943325 7518900  7791708
             512       4 1163439 1414860  4784885  4571003 3768799 1827947 3684733  2486072  3736016  1821745  1827947 4610256  4610256
             512       8 1683237 3768799 10694336 11138071 9304292 3877684 8992598  5624545  8955098  3768799  358627710235583 10235583
             512      16 1264113 2307123  6571132  6174377 5968453 2424328 5331314  3415178  5968453  2427068  1789859 6246213  6491676
             512      32 1391032 2402629  7211022  6821616 6757222 2668325 6571132  3580298  7540170  2622702  2560168 7115451  7022379
             512      64 1821745 4091959 11620224 1194335710911694 4228947 7513788  5807059 13109944  4163357  426252311374040 11620224
             512     128 2030130 4163357  9145790 1214600911374040 453241410911694  5886650 12499490  4784885  497326311620224 12215097
             512     256 2235086 3849877 10911694 1137404010911694 449447010235583  4973263 10911694  3628697  647211210434519 10641343
             512     512 1992458 2521095 10694336 1113807110641343 4271001 8265729  4305250 10694336  4296637  434005410235583 11138071
            1024       4 1102459 1848247  4832290  4741598 3751699 1815435 3170172  2392998  3722435  1803239  1799462 4570058  4493556
            1024       8 1289855 2111788  5885083  6102490 4972145 2220992 4995276  3020783  5048117  2150918  1667426 5751117  5853003
            1024      16 1374474 2260740  6640274  6776473 6016997 2439205 5885083  3481072  6093831  2354947  2337008 6650556  6692005
            1024      32 1432225 1756054  7369466  7420395 6918376 2701567 6479979  3849207  6918376  2480051  2474336 6199382  8061038
            1024      64 1357961 2403712  7577494  7306780 7306780 2681328 6317933  4720752  9743447  2892612  2559871 7524394  7524394
            1024     128 1477555 2448941  7160597  7644933 7369466 2739476 7208671  3764854  8061038  2708381  2737730 7472033  7590887
            1024     256 1968537 2592318 10796646 1101822610878686 443325910039528  5500686 11249091  4470172  4720752 8246774 10557785
            1024     512 1393200 2884840  6874084  7699755 7699755 2688041 7420395  3046495  7577494  2619192  4396951 7257394  7755368
            1024    1024 1946237 3999762 10769573 1152065811132462 4379019 9569770  4321737 11018226  4474829  4428688 8457895 11368190
            2048       4 1132220 1838281  3908414  4796687 3717289 1773019 3189957  2528082  3730203  1777789  1603854 4540600  4581773
            2048       8 1930406 2859683 10339282 10339282 9308497 3937075 6114678  5884299  9472740  3704465  377114410131961 10555264
            2048      16 1345582 1682715  6717153  6780783 5888333 2421196 6020395  3494960  6092991  2311106  2334979 5306340  5521212
            2048      32 1406616 2412357  6939647  7503399 6895083 2649737 5332694  3841986  7013303  2417789  2522144 7207495  7393606
            2048      64 1941313 2453001 10945301 11917129 7503399 359892411015480  6759439 11440955  3969827  3999400 5719737  7451329
            2048     128 1443248 2432165  5578583  7556202 7451329 2653011 7262337  3901313  8390200  2537792  2494314 7556202  7556202
            2048     256 1449580 1790015  7529708  7503399 7582884 2741930 7135648  3784436  7940367  2656292  2680329 5607718  7556202
            2048     512 1470172 2446713  7529708  7761014 7529708 2716781 7419150  3368858  8029434  2329912  2981782 5836323  7670915
            2048    1024 1397008 2351599  6939647  7503399 7670915 2702252 5868220  3074635  7698414  2464260  2872113 7589584  7726111
            2048    2048 2100328 2632683 11187641 1126097311202231 434756010780463  4490751  7470770  4240255  439651411129659 11001372
            4096       4 1780148 2174170  7701194  8806550 6955959 3326978 5278308  4628439  6480999  3248345  2921346 6330545  8272256
            4096       8 1461767 1851716  5926533  6013663 4946971 2196407 4140919  2983234  4965558  2062457  1626141 5542240  5877869
            4096      16 1389416 1717333  5312585  6758923 6105563 2391139 5292944  3679713  6077484  2306082  1758645 6321227  6659365
            4096      32 2003061 3972402  7813273 1150844211014108 4248440 7225093  6532752 11014108  3806071  3410865 7742845 11128258
            4096      64 1450413 1775365  5828019  7612471 7339297 2639075 7173805  3991785  7460407  2442471  1904260 7831080 11973655
            4096     128 1478244 2032686  6332878  8308260 7998800 2994153 5835938  4428023  8308260  2664865  2064440 6263611  8276241
            4096     256 1456068 2682340  7582234 1107088911014108 4476482 7135072  6142675 11601703  3901141  3834958 7405736 10923071
            4096     512 1471281 2470215  5980170  7625987 7715028 2623759 6015769  3456849  7816828  2600722  2644356 6007355  7599002
            4096    1024 2169502 2603876 10806269 1107088911193514 4298399 7656576  5238075 10239486  3222148  3817913 7542289 10957907
            4096    2048 1476592 2006805  6714018  7859742 7642951 2675239 7728911  4602401 10867793  3052133  3782607 7770863 11070889
            4096    4096 1506371 2360583  8328399  8548024 8552280 3000428 6941906  2961635  6263611  2974454  2654571 6149271  8256354
            8192       4 1155267 1559480  4003788  4615263 3730372 1736673 5487193  4873856  6995337  3223903  2241953 6145757  7612143
            8192       8 1334887 1734831  5016162  5932474 8568928 3631030 6655245  5884720  9571475  3794222  2516864 7205103 10226704
            8192      16 1367616 1713462  5312425  6506533 6082655 2354083 4976927  3263713  6068689  2246350  1739662 5278151  6429825
            8192      32 2035311 2522036  7832518 1083628011055948 4149824 7656244  6821731 10936302  3815287  2567262 7426233 10822627
            8192      64 1442970 1800088  5875663  7142200 7481208 2611357 5728718  3988451  6966969  2316625  2636606 7772279 11145606
            8192     128 1496256 1846721  5814021  7191531 7676771 2813188 5688881  3785443  7685357  2508961  1882848 5805180  7399047
            8192     256 1494889 1850002  5744041  7136266 7692239 2671870 5685116  5285458 10003400  3586684  2236408 5748846  7080386
            8192     512 2205119 2671039  7664784  997725811070196 4262040 7627351  5680416 11052391  3808521  2751683 7399047  9775714
            8192    1024 1492746 1872893  6211306  7735533 8056577 2748162 6099933  3583691  7706040  1977333  1985445 6118398  7387910
            8192    2048 2239469 2760083  8216483 1076498411145606 4311780 7598676  5531360 11178240  3536842  2813188 7634130 10343693
            8192    4096 1486739 1822816  6568727  7765253 7830733 2552766 5867636  3974610  8799346  3483062  3287130 7447157 10263360
            8192    8192 1437958 1789867  6884607  7373641 7361004 2437413 5107124  2429313  6121668  3602478  2862165 6399884  9460786
           16384       4 1088852 1323009  3423340  3542459 3080788 1414103 2925128  2140006  3091321  1473913  1270869 3295296  3421806
           16384       8 1212650 1989342  3870471  4259875 4418461 1771220 3494008  3121370  4312539  1860561  1331287 5636067  6299450
           16384      16 2010763 2506289  7450230  8555918 9470964 3589083 7086815  6442970  9411299  3524291  2533828 7485124  8705493
           16384      32 1398675 1782060  5692559  6001802 6462967 2267011 5373828  4071588  6714948  2219778  1826780 5878581  8909789
           16384      64 2139740 2601846  7776506  8715430 9559234 3132039 7758070  7064958  8081976  3354656  2669255 8070586  9292938
           16384     128 1482051 1773964  5734840  5789435 6412309 2334553 5593859  4182610  7211761  2319738  1843590 5724330  6389653
           16384     256 1463367 1841318  5677040  6316241 7256693 2492653 5893201  4895314  7111015  2713524  2637497 7454271  8715430
           16384     512 1553867 1924817  6012304  838573510469456 3887990 7662908  5686906  8586923  3334148  2727417 7468042  8269685
           16384    1024 1473913 1822082  6003375  6577407 7236824 2401283 5878581  3538628  7691211  2122556  1812566 5962227  6463575
           16384    2048 1502432 2196787  7649261  9097331 9936582 3747420 7508843  5551830 11100247  3016154  2503641 7414059  8262724
           16384    4096 1380746 2156865  5927769  8028158 8441360 2948852 4313892  4779552  8908634  2405149  2218560 5748753  5741068
           16384    8192 1561280 1800456  7120594  8261731 7918079 3034534 5319748  2787830  5908402  2317391  2997341 6198870  6907309
           16384   16384 1407672 2384866  5366275  5499843 5461379 2722015 4769600  2732949  4798911  2719860  2773764 4456861  4620478
           32768      64 2145478 2277749  8011688  8417478 8801272 2717967 7939947  6626500  8072864  2708113  1738813 5900996  5949273
           32768     128 1465018 1805703  7886188  8236878 8600251 2822861 7706653  6818150  8668599  2772243  1770554 6224926  6276380
           32768     256 1347099 1511434  6454106  6591857 6923595 2446281 6561645  5344740  6989793  2379985  1575379 6534193  6788514
           32768     512 1895087 1501247  5560546  5593587 5174112 1647715 5280060  3173684  5233017  1589205  1597740 5231025  5138518
           32768    1024 1340818 1627251  5275804  5280872 5449427 1694918 5271554  3285670  5316827  1488033  1446576 5684038  5663193
           32768    2048 1478636 2641085  7435239  7641523 7566222 2782626 7459047  5475043 10632089  2431953  1664357 5723807  5696761
           32768    4096 1352428 1467913  6582386  6696889 6833745 2422779 5168470  3142625  7068157  1874181  1395279 4234127  4202665
           32768    8192 1465877 2603957  7120523  7238274 7121999 2770566 6873732  4509772  8198064  2527436  2373819 6870983  7235226
           32768   16384 1629991 2451211  4844379  4894409 4860311 2658249 3839204  2129885  3864139  2142669  2281757 3725763  3941262
           65536      64 1309904 1489652  5233595  5237784 5140421 1600036 5049022  3513049  5208802  1522600  1532106 5144943  5214038
           65536     128 1327824 1454905  6881098  6951225 7078861 2361660 5047075  4266382  7156078  2055825  1558672 5100456  5187667
           65536     256 1345654 1460835  5124800  5136003 5210382 1631750 4058927  3860275  4122788  1456771  1935217 5545045  5545940
           65536     512 1472953 1790702  5808326  5897300 5903125 1878469 5772586  3676666  5874990  1938643  2524205 7621354  7874171
           65536    1024 1432171 1767705  5773556  7154588 7712665 2702623 7415342  5298768  7672194  2373979  2395224 7497664  7676694
           65536    2048 2168631 2651884  7738504  8115002 8122916 2810790 7691946  5824325  7908151  2324139  2299275    8528  4648955
           65536    4096 1366934 1499199  5391263  5449622 5396555 1707912 5279128  3179183  7924566  1825111  1354273 5323809  5356071
           65536    8192 1864352 2205484  6282233  6476583 6283382 2292907 6108831  4280933  6116307  1407805  1585866 5004257  5615276
           65536   16384 2087995 2455915  4666793  4683491 4661570 2664376 4557084  3073362  4509166  2286194  1835323 3991964  4066252
          131072      64 2090526 2344676  6082795  6227636 5899312 2006885 6018270  4586312  6062805  1874439  1698970    9416  6599487
          131072     128 1421098 1710451  6644313  8130461 8057532 2705134 7870203  6946026  8182740  2475431  2490345 7539804  8203253
          131072     256 1841211 2615010  7560750  7813603 7806059 2791080 5701512  3933970  5773605  1736739  1739074 5654480  5775607
          131072     512 2170855 2185987  7214850  7795875 7772289 2808002    6716  5823388  7563767  2496656  2485066    7076  6345156
          131072    1024 2126683 2620970  6199894  6307591 6290918 2093607 5283278  4909419  7678925  2352079  2331827 7620911  7411125
          131072    2048 1446985 2619184  6375399  6361161 6350066 2084209 6231447  4269589  7833644  2223366  1729913   10376  5058118
          131072    4096 2179453 2629217  7729126  7980567 7954816 2715838 6362707  5181106  7799082  2173954  1686684 6306722  6420070
          131072    8192 2147275 2571658  6059196  7285412 7529890 2723682 6858504  4927902  9209749  2060910  1625175    9090  5841828
          131072   16384 2089033 1828084    10047  3614393 4111559 2134925 4498164  3220279  4549384  2084510  2051168 4560630  4613717
          262144      64 1722330 1721775  5989675  6071235 5820792 1810200    2902  6573007  7629997  2504121  1826492 5818697  5866477
          262144     128 2120170 1718392     6580  4943873 6068989 1964909 7659390  6980458  8238090  2487111  1879870    7258  6488409
          262144     256 2159963 1889569  5962974  6050920 7374778 2740886 5958482  4499412  6941983  2478131  1868332    7704  4955080
          262144     512 2169005 1868132     9087  6349473 7654484 2752923 7635136  5713416  7788906  2511029  2256168    8724  4822719
          262144    1024 2200560 1866271     9173  4887265 5922407 2729557 7742232  5879527  7883340  2352289  1683777    8468  5997189
          262144    2048 2151207 2240737  7757089  7914038 7936545 2767279 3231274  5639076  7850469  2218775  2209128 5938786  6013031
          262144    4096 2048401 2591844  6429975  7956762 7909256 2769433 6381460  4037708  7528333  2106147  1661022    9243  5603269
          262144    8192 2132883 2516236  6373839  7521432 7385180 2705579 5747613  3290780  7011082  1931079  1558470    8216  4902169
          262144   16384 1382753 1712835  4526586  4527220 4509932 2609362    9153  3056331  4540231  1934044  1944301 4511857  4541732
          524288      64 1384441 2144334  5872662  7269767 8116010 2597246 8124435  6467814  8069194  2504708  1677389 6288838  6306621
          524288     128 2145476 2621033     7490  6907525 8084620 2729373 6065270  5900823  8004283  2506635  2511032 6309209  6382938
          524288     256 1536582 1893543     8779  4918372 5977169 2046401 5988237  4173172  6023470  1860212  2468436    9479  6492179
          524288     512 2188436 2604068     8573  5149059 6317873 2338086 6376497  4117135  6382790  1918880  1934028    9323  6598208
          524288    1024 2205596 2613104     9011  6655018 7822064 2747581    5393  4113777  6298132  1788657  2192444 6345695  6356076
          524288    2048 2180089 2611595  7790418  7899959 7884974 2744618    7180  5993770  7746099  2197129  2195364    9577  6679681
          524288    4096 2195537 2616079  7812393  7967163 7959780 2756667    8003  5650622  7797711  2103730  1899210    8117  5275324
          524288    8192 2157422 2558715     8672  6544852 7690887 2807882 6121153  3580224  6338104  1554805  2001993 6418335  7529204
          524288   16384 2100445 1768029    10044  4098886 4531043 2623619 4361498  3196701  4052118  1577901  1917294 4518753  4529288

iozone test complete.
Excel output is below:

"Writer report"
        "4"  "8"  "16"  "32"  "64"  "128"  "256"  "512"  "1024"  "2048"  "4096"  "8192"  "16384"
"64"   673098  1357066  1083249  1210227  1249666 
"128"   1114289  1306873  1240443  1377278  1487977  1852520 
"256"   1103757  1332507  1487577  1447470  1591186  1600674  1471270 
"512"   1163439  1683237  1264113  1391032  1821745  2030130  2235086  1992458 
"1024"   1102459  1289855  1374474  1432225  1357961  1477555  1968537  1393200  1946237 
"2048"   1132220  1930406  1345582  1406616  1941313  1443248  1449580  1470172  1397008  2100328 
"4096"   1780148  1461767  1389416  2003061  1450413  1478244  1456068  1471281  2169502  1476592  1506371 
"8192"   1155267  1334887  1367616  2035311  1442970  1496256  1494889  2205119  1492746  2239469  1486739  1437958 
"16384"   1088852  1212650  2010763  1398675  2139740  1482051  1463367  1553867  1473913  1502432  1380746  1561280  1407672 
"32768"   0  0  0  0  2145478  1465018  1347099  1895087  1340818  1478636  1352428  1465877  1629991 
"65536"   0  0  0  0  1309904  1327824  1345654  1472953  1432171  2168631  1366934  1864352  2087995 
"131072"   0  0  0  0  2090526  1421098  1841211  2170855  2126683  1446985  2179453  2147275  2089033 
"262144"   0  0  0  0  1722330  2120170  2159963  2169005  2200560  2151207  2048401  2132883  1382753 
"524288"   0  0  0  0  1384441  2145476  1536582  2188436  2205596  2180089  2195537  2157422  2100445 

"Re-writer report"
        "4"  "8"  "16"  "32"  "64"  "128"  "256"  "512"  "1024"  "2048"  "4096"  "8192"  "16384"
"64"   1679761  2298136  2133730  2203800  2298136 
"128"   1827299  2098744  2248149  2464907  2248149  3895854 
"256"   1881098  2077650  2366082  2533571  2588541  2582316  2582316 
"512"   1414860  3768799  2307123  2402629  4091959  4163357  3849877  2521095 
"1024"   1848247  2111788  2260740  1756054  2403712  2448941  2592318  2884840  3999762 
"2048"   1838281  2859683  1682715  2412357  2453001  2432165  1790015  2446713  2351599  2632683 
"4096"   2174170  1851716  1717333  3972402  1775365  2032686  2682340  2470215  2603876  2006805  2360583 
"8192"   1559480  1734831  1713462  2522036  1800088  1846721  1850002  2671039  1872893  2760083  1822816  1789867 
"16384"   1323009  1989342  2506289  1782060  2601846  1773964  1841318  1924817  1822082  2196787  2156865  1800456  2384866 
"32768"   0  0  0  0  2277749  1805703  1511434  1501247  1627251  2641085  1467913  2603957  2451211 
"65536"   0  0  0  0  1489652  1454905  1460835  1790702  1767705  2651884  1499199  2205484  2455915 
"131072"   0  0  0  0  2344676  1710451  2615010  2185987  2620970  2619184  2629217  2571658  1828084 
"262144"   0  0  0  0  1721775  1718392  1889569  1868132  1866271  2240737  2591844  2516236  1712835 
"524288"   0  0  0  0  2144334  2621033  1893543  2604068  2613104  2611595  2616079  2558715  1768029 

"Reader report"
        "4"  "8"  "16"  "32"  "64"  "128"  "256"  "512"  "1024"  "2048"  "4096"  "8192"  "16384"
"64"   4018152  10821524  6421025  7100397  8182586 
"128"   4596273  6727225  6727225  7582312  8036304  11720614 
"256"   4755158  5971678  6719046  7314033  7735574  7735574  7735574 
"512"   4784885  10694336  6571132  7211022  11620224  9145790  10911694  10694336 
"1024"   4832290  5885083  6640274  7369466  7577494  7160597  10796646  6874084  10769573 
"2048"   3908414  10339282  6717153  6939647  10945301  5578583  7529708  7529708  6939647  11187641 
"4096"   7701194  5926533  5312585  7813273  5828019  6332878  7582234  5980170  10806269  6714018  8328399 
"8192"   4003788  5016162  5312425  7832518  5875663  5814021  5744041  7664784  6211306  8216483  6568727  6884607 
"16384"   3423340  3870471  7450230  5692559  7776506  5734840  5677040  6012304  6003375  7649261  5927769  7120594  5366275 
"32768"   0  0  0  0  8011688  7886188  6454106  5560546  5275804  7435239  6582386  7120523  4844379 
"65536"   0  0  0  0  5233595  6881098  5124800  5808326  5773556  7738504  5391263  6282233  4666793 
"131072"   0  0  0  0  6082795  6644313  7560750  7214850  6199894  6375399  7729126  6059196  10047 
"262144"   0  0  0  0  5989675  6580  5962974  9087  9173  7757089  6429975  6373839  4526586 
"524288"   0  0  0  0  5872662  7490  8779  8573  9011  7790418  7812393  8672  10044 

"Re-Reader report"
        "4"  "8"  "16"  "32"  "64"  "128"  "256"  "512"  "1024"  "2048"  "4096"  "8192"  "16384"
"64"   5283570  12902017  7100397  9006179  9318832 
"128"   4934216  7082197  7176872  7476717  8036304  15881078 
"256"   4929815  6249745  7120034  7518900  8024634  7965107  7965107 
"512"   4571003  11138071  6174377  6821616  11943357  12146009  11374040  11138071 
"1024"   4741598  6102490  6776473  7420395  7306780  7644933  11018226  7699755  11520658 
"2048"   4796687  10339282  6780783  7503399  11917129  7556202  7503399  7761014  7503399  11260973 
"4096"   8806550  6013663  6758923  11508442  7612471  8308260  11070889  7625987  11070889  7859742  8548024 
"8192"   4615263  5932474  6506533  10836280  7142200  7191531  7136266  9977258  7735533  10764984  7765253  7373641 
"16384"   3542459  4259875  8555918  6001802  8715430  5789435  6316241  8385735  6577407  9097331  8028158  8261731  5499843 
"32768"   0  0  0  0  8417478  8236878  6591857  5593587  5280872  7641523  6696889  7238274  4894409 
"65536"   0  0  0  0  5237784  6951225  5136003  5897300  7154588  8115002  5449622  6476583  4683491 
"131072"   0  0  0  0  6227636  8130461  7813603  7795875  6307591  6361161  7980567  7285412  3614393 
"262144"   0  0  0  0  6071235  4943873  6050920  6349473  4887265  7914038  7956762  7521432  4527220 
"524288"   0  0  0  0  7269767  6907525  4918372  5149059  6655018  7899959  7967163  6544852  4098886 

"Random read report"
        "4"  "8"  "16"  "32"  "64"  "128"  "256"  "512"  "1024"  "2048"  "4096"  "8192"  "16384"
"64"   3588436  7940539  5389653  7100397  7100397 
"128"   3657016  5847904  5847904  6727225  7176872  11720614 
"256"   3770085  4929815  6213578  6936061  7314033  7518900  7791708 
"512"   3768799  9304292  5968453  6757222  10911694  11374040  10911694  10641343 
"1024"   3751699  4972145  6016997  6918376  7306780  7369466  10878686  7699755  11132462 
"2048"   3717289  9308497  5888333  6895083  7503399  7451329  7582884  7529708  7670915  11202231 
"4096"   6955959  4946971  6105563  11014108  7339297  7998800  11014108  7715028  11193514  7642951  8552280 
"8192"   3730372  8568928  6082655  11055948  7481208  7676771  7692239  11070196  8056577  11145606  7830733  7361004 
"16384"   3080788  4418461  9470964  6462967  9559234  6412309  7256693  10469456  7236824  9936582  8441360  7918079  5461379 
"32768"   0  0  0  0  8801272  8600251  6923595  5174112  5449427  7566222  6833745  7121999  4860311 
"65536"   0  0  0  0  5140421  7078861  5210382  5903125  7712665  8122916  5396555  6283382  4661570 
"131072"   0  0  0  0  5899312  8057532  7806059  7772289  6290918  6350066  7954816  7529890  4111559 
"262144"   0  0  0  0  5820792  6068989  7374778  7654484  5922407  7936545  7909256  7385180  4509932 
"524288"   0  0  0  0  8116010  8084620  5977169  6317873  7822064  7884974  7959780  7690887  4531043 

"Random write report"
        "4"  "8"  "16"  "32"  "64"  "128"  "256"  "512"  "1024"  "2048"  "4096"  "8192"  "16384"
"64"   1648808  3541098  2298136  2467108  2067979 
"128"   1802755  2843510  2499332  2727923  2784517  4407601 
"256"   1911233  2305128  2613746  2812272  2943325  2975955  2911402 
"512"   1827947  3877684  2424328  2668325  4228947  4532414  4494470  4271001 
"1024"   1815435  2220992  2439205  2701567  2681328  2739476  4433259  2688041  4379019 
"2048"   1773019  3937075  2421196  2649737  3598924  2653011  2741930  2716781  2702252  4347560 
"4096"   3326978  2196407  2391139  4248440  2639075  2994153  4476482  2623759  4298399  2675239  3000428 
"8192"   1736673  3631030  2354083  4149824  2611357  2813188  2671870  4262040  2748162  4311780  2552766  2437413 
"16384"   1414103  1771220  3589083  2267011  3132039  2334553  2492653  3887990  2401283  3747420  2948852  3034534  2722015 
"32768"   0  0  0  0  2717967  2822861  2446281  1647715  1694918  2782626  2422779  2770566  2658249 
"65536"   0  0  0  0  1600036  2361660  1631750  1878469  2702623  2810790  1707912  2292907  2664376 
"131072"   0  0  0  0  2006885  2705134  2791080  2808002  2093607  2084209  2715838  2723682  2134925 
"262144"   0  0  0  0  1810200  1964909  2740886  2752923  2729557  2767279  2769433  2705579  2609362 
"524288"   0  0  0  0  2597246  2729373  2046401  2338086  2747581  2744618  2756667  2807882  2623619 

"Backward read report"
        "4"  "8"  "16"  "32"  "64"  "128"  "256"  "512"  "1024"  "2048"  "4096"  "8192"  "16384"
"64"   2923952  5283570  4274062  4897948  5389653 
"128"   3468030  3759450  5325799  5847904  6406138  9129573 
"256"   3605511  3994490  5455847  6249745  6936061  6719046  6891544 
"512"   3684733  8992598  5331314  6571132  7513788  10911694  10235583  8265729 
"1024"   3170172  4995276  5885083  6479979  6317933  7208671  10039528  7420395  9569770 
"2048"   3189957  6114678  6020395  5332694  11015480  7262337  7135648  7419150  5868220  10780463 
"4096"   5278308  4140919  5292944  7225093  7173805  5835938  7135072  6015769  7656576  7728911  6941906 
"8192"   5487193  6655245  4976927  7656244  5728718  5688881  5685116  7627351  6099933  7598676  5867636  5107124 
"16384"   2925128  3494008  7086815  5373828  7758070  5593859  5893201  7662908  5878581  7508843  4313892  5319748  4769600 
"32768"   0  0  0  0  7939947  7706653  6561645  5280060  5271554  7459047  5168470  6873732  3839204 
"65536"   0  0  0  0  5049022  5047075  4058927  5772586  7415342  7691946  5279128  6108831  4557084 
"131072"   0  0  0  0  6018270  7870203  5701512  6716  5283278  6231447  6362707  6858504  4498164 
"262144"   0  0  0  0  2902  7659390  5958482  7635136  7742232  3231274  6381460  5747613  9153 
"524288"   0  0  0  0  8124435  6065270  5988237  6376497  5393  7180  8003  6121153  4361498 

"Record rewrite report"
        "4"  "8"  "16"  "32"  "64"  "128"  "256"  "512"  "1024"  "2048"  "4096"  "8192"  "16384"
"64"   2298136  4564786  2662899  2772930  2561267 
"128"   2367096  2727923  3199360  3277486  3199360  4557257 
"256"   2290377  3043436  3368013  3410808  3557725  3197509  2935279 
"512"   2486072  5624545  3415178  3580298  5807059  5886650  4973263  4305250 
"1024"   2392998  3020783  3481072  3849207  4720752  3764854  5500686  3046495  4321737 
"2048"   2528082  5884299  3494960  3841986  6759439  3901313  3784436  3368858  3074635  4490751 
"4096"   4628439  2983234  3679713  6532752  3991785  4428023  6142675  3456849  5238075  4602401  2961635 
"8192"   4873856  5884720  3263713  6821731  3988451  3785443  5285458  5680416  3583691  5531360  3974610  2429313 
"16384"   2140006  3121370  6442970  4071588  7064958  4182610  4895314  5686906  3538628  5551830  4779552  2787830  2732949 
"32768"   0  0  0  0  6626500  6818150  5344740  3173684  3285670  5475043  3142625  4509772  2129885 
"65536"   0  0  0  0  3513049  4266382  3860275  3676666  5298768  5824325  3179183  4280933  3073362 
"131072"   0  0  0  0  4586312  6946026  3933970  5823388  4909419  4269589  5181106  4927902  3220279 
"262144"   0  0  0  0  6573007  6980458  4499412  5713416  5879527  5639076  4037708  3290780  3056331 
"524288"   0  0  0  0  6467814  5900823  4173172  4117135  4113777  5993770  5650622  3580224  3196701 

"Stride read report"
        "4"  "8"  "16"  "32"  "64"  "128"  "256"  "512"  "1024"  "2048"  "4096"  "8192"  "16384"
"64"   3738358  7940539  5735102  6271021  6271021 
"128"   3560017  4267461  6727225  7082197  7476717  10567140 
"256"   3770085  5022044  6719046  7518900  8024634  7571923  7518900 
"512"   3736016  8955098  5968453  7540170  13109944  12499490  10911694  10694336 
"1024"   3722435  5048117  6093831  6918376  9743447  8061038  11249091  7577494  11018226 
"2048"   3730203  9472740  6092991  7013303  11440955  8390200  7940367  8029434  7698414  7470770 
"4096"   6480999  4965558  6077484  11014108  7460407  8308260  11601703  7816828  10239486  10867793  6263611 
"8192"   6995337  9571475  6068689  10936302  6966969  7685357  10003400  11052391  7706040  11178240  8799346  6121668 
"16384"   3091321  4312539  9411299  6714948  8081976  7211761  7111015  8586923  7691211  11100247  8908634  5908402  4798911 
"32768"   0  0  0  0  8072864  8668599  6989793  5233017  5316827  10632089  7068157  8198064  3864139 
"65536"   0  0  0  0  5208802  7156078  4122788  5874990  7672194  7908151  7924566  6116307  4509166 
"131072"   0  0  0  0  6062805  8182740  5773605  7563767  7678925  7833644  7799082  9209749  4549384 
"262144"   0  0  0  0  7629997  8238090  6941983  7788906  7883340  7850469  7528333  7011082  4540231 
"524288"   0  0  0  0  8069194  8004283  6023470  6382790  6298132  7746099  7797711  6338104  4052118 

"Fwrite report"
        "4"  "8"  "16"  "32"  "64"  "128"  "256"  "512"  "1024"  "2048"  "4096"  "8192"  "16384"
"64"   1690338  3363612  2203800  2358717  2467108 
"128"   1827299  2248149  2558895  2969325  2621367  4444086 
"256"   1855098  2266207  2557711  2754556  3159869  2419396  2911402 
"512"   1821745  3768799  2427068  2622702  4163357  4784885  3628697  4296637 
"1024"   1803239  2150918  2354947  2480051  2892612  2708381  4470172  2619192  4474829 
"2048"   1777789  3704465  2311106  2417789  3969827  2537792  2656292  2329912  2464260  4240255 
"4096"   3248345  2062457  2306082  3806071  2442471  2664865  3901141  2600722  3222148  3052133  2974454 
"8192"   3223903  3794222  2246350  3815287  2316625  2508961  3586684  3808521  1977333  3536842  3483062  3602478 
"16384"   1473913  1860561  3524291  2219778  3354656  2319738  2713524  3334148  2122556  3016154  2405149  2317391  2719860 
"32768"   0  0  0  0  2708113  2772243  2379985  1589205  1488033  2431953  1874181  2527436  2142669 
"65536"   0  0  0  0  1522600  2055825  1456771  1938643  2373979  2324139  1825111  1407805  2286194 
"131072"   0  0  0  0  1874439  2475431  1736739  2496656  2352079  2223366  2173954  2060910  2084510 
"262144"   0  0  0  0  2504121  2487111  2478131  2511029  2352289  2218775  2106147  1931079  1934044 
"524288"   0  0  0  0  2504708  2506635  1860212  1918880  1788657  2197129  2103730  1554805  1577901 

"Re-Fwrite report"
        "4"  "8"  "16"  "32"  "64"  "128"  "256"  "512"  "1024"  "2048"  "4096"  "8192"  "16384"
"64"   1828508  3363612  2801873  3738358  2689580 
"128"   1885042  2286447  2660335  3124872  4267461  4267461 
"256"   1897721  2310087  1894373  2672291  3326279  4496299  2943325 
"512"   1827947  3586277  1789859  2560168  4262523  4973263  6472112  4340054 
"1024"   1799462  1667426  2337008  2474336  2559871  2737730  4720752  4396951  4428688 
"2048"   1603854  3771144  2334979  2522144  3999400  2494314  2680329  2981782  2872113  4396514 
"4096"   2921346  1626141  1758645  3410865  1904260  2064440  3834958  2644356  3817913  3782607  2654571 
"8192"   2241953  2516864  1739662  2567262  2636606  1882848  2236408  2751683  1985445  2813188  3287130  2862165 
"16384"   1270869  1331287  2533828  1826780  2669255  1843590  2637497  2727417  1812566  2503641  2218560  2997341  2773764 
"32768"   0  0  0  0  1738813  1770554  1575379  1597740  1446576  1664357  1395279  2373819  2281757 
"65536"   0  0  0  0  1532106  1558672  1935217  2524205  2395224  2299275  1354273  1585866  1835323 
"131072"   0  0  0  0  1698970  2490345  1739074  2485066  2331827  1729913  1686684  1625175  2051168 
"262144"   0  0  0  0  1826492  1879870  1868332  2256168  1683777  2209128  1661022  1558470  1944301 
"524288"   0  0  0  0  1677389  2511032  2468436  1934028  2192444  2195364  1899210  2001993  1917294 

"Fread report"
        "4"  "8"  "16"  "32"  "64"  "128"  "256"  "512"  "1024"  "2048"  "4096"  "8192"  "16384"
"64"   3791156  7940539  6421025  6421025  7100397 
"128"   4407601  5545860  6406138  7082197  6406138  10567140 
"256"   4404088  5841722  6398720  7314033  7518900  7791708  7518900 
"512"   4610256  10235583  6246213  7115451  11374040  11620224  10434519  10235583 
"1024"   4570058  5751117  6650556  6199382  7524394  7472033  8246774  7257394  8457895 
"2048"   4540600  10131961  5306340  7207495  5719737  7556202  5607718  5836323  7589584  11129659 
"4096"   6330545  5542240  6321227  7742845  7831080  6263611  7405736  6007355  7542289  7770863  6149271 
"8192"   6145757  7205103  5278151  7426233  7772279  5805180  5748846  7399047  6118398  7634130  7447157  6399884 
"16384"   3295296  5636067  7485124  5878581  8070586  5724330  7454271  7468042  5962227  7414059  5748753  6198870  4456861 
"32768"   0  0  0  0  5900996  6224926  6534193  5231025  5684038  5723807  4234127  6870983  3725763 
"65536"   0  0  0  0  5144943  5100456  5545045  7621354  7497664  8528  5323809  5004257  3991964 
"131072"   0  0  0  0  9416  7539804  5654480  7076  7620911  10376  6306722  9090  4560630 
"262144"   0  0  0  0  5818697  7258  7704  8724  8468  5938786  9243  8216  4511857 
"524288"   0  0  0  0  6288838  6309209  9479  9323  6345695  9577  8117  6418335  4518753 

"Re-Fread report"
        "4"  "8"  "16"  "32"  "64"  "128"  "256"  "512"  "1024"  "2048"  "4096"  "8192"  "16384"
"64"   4564786  9318832  6421025  7940539  7940539 
"128"   4557257  5784891  6727225  7082197  8036304  11470204 
"256"   4652146  5810112  6719046  7314033  7518900  7791708  7791708 
"512"   4610256  10235583  6491676  7022379  11620224  12215097  10641343  11138071 
"1024"   4493556  5853003  6692005  8061038  7524394  7590887  10557785  7755368  11368190 
"2048"   4581773  10555264  5521212  7393606  7451329  7556202  7556202  7670915  7726111  11001372 
"4096"   8272256  5877869  6659365  11128258  11973655  8276241  10923071  7599002  10957907  11070889  8256354 
"8192"   7612143  10226704  6429825  10822627  11145606  7399047  7080386  9775714  7387910  10343693  10263360  9460786 
"16384"   3421806  6299450  8705493  8909789  9292938  6389653  8715430  8269685  6463575  8262724  5741068  6907309  4620478 
"32768"   0  0  0  0  5949273  6276380  6788514  5138518  5663193  5696761  4202665  7235226  3941262 
"65536"   0  0  0  0  5214038  5187667  5545940  7874171  7676694  4648955  5356071  5615276  4066252 
"131072"   0  0  0  0  6599487  8203253  5775607  6345156  7411125  5058118  6420070  5841828  4613717 
"262144"   0  0  0  0  5866477  6488409  4955080  4822719  5997189  6013031  5603269  4902169  4541732 
"524288"   0  0  0  0  6306621  6382938  6492179  6598208  6356076  6679681  5275324  7529204  4529288 
