compute-652-1
	Iozone: Performance Test of File I/O
	        Version $Revision: 3.397 $
		Compiled for 64 bit mode.
		Build: linux-AMD64 

	Contributors:William Norcott, Don Capps, Isom Crawford, Kirby Collins
	             Al Slater, Scott Rhine, Mike Wisner, Ken Goss
	             Steve Landherr, Brad Smith, Mark Kelly, Dr. Alain CYR,
	             Randy Dunlap, Mark Montague, Dan Million, Gavin Brebner,
	             Jean-Marc Zucconi, Jeff Blomberg, Benny Halevy, Dave Boone,
	             Erik Habbinga, Kris Strecker, Walter Wong, Joshua Root,
	             Fabrice Bacchella, Zhenghua Xue, Qin Li, Darren Sawyer.
	             Ben England.

	Run began: Thu Apr 30 22:29:10 2015

	Excel chart generation enabled
	Auto Mode
	Command line used: /opt/iozone/bin/iozone -Ra -b 652.xls -f 652.tmp
	Output is in Kbytes/sec
	Time Resolution = 0.000001 seconds.
	Processor cache size set to 1024 Kbytes.
	Processor cache line size set to 32 bytes.
	File stride size set to 17 * record size.
                                                            random  random    bkwd   record   stride                                   
              KB  reclen   write rewrite    read    reread    read   write    read  rewrite     read   fwrite frewrite   fread  freread
              64       4 1304314 3057153  5283570 10821524 7100397 3057153 4897948  4274062  7100397  3022727  3057153 5860307  8182586
              64       8 1526887 1828508  6421025  9318832 7100397 2772930 5860307  4897948  7940539  3203069  1526887 4564786 12902017
              64      16 1460430 3203069  7100397 12902017 9318832 3541098 4274062  3958892  9006179  2467108  2561267 4988978  7940539
              64      32 1638743 2892445 10821524 1290201710821524 3958892 3738358  4018152  6421025  2801873  2298136 4988978  9006179
              64      64 1421755 3541098 12902017 12902017 9006179 2923952 5860307  3958892  5283570  3165299  3791156 9318832 10821524
             128       4 1373754 2098744  6045455  9129573 6727225 3053774 4012317  3657016  4407601  2673584  1911894 4934216  5784891
             128       8 1663139 2098744  6727225  6406138 6406138 3199360 4596273  4407601  9795896  2248149  2286447 5122535  5379161
             128      16 1658003 2558895  7176872 12842051 9795896 1939522 4934216  4596273  8548124  2326073  2098744 7476717 10567140
             128      32 1455701 2336194  7917784 12842051 9129573 4012317 5122535  4934216 10567140  4135958  4267461 5545860  9795896
             128      64 1504659 1967960  9129573  8548124 6045455 2132084 5122535  2920861  7082197  2608629  3199360 5325799  7082197
             128     128 1755594 3867787 12842051 1284205111720614 4407601 6406138  4407601  9795896  4444086  3657016 7917784 12842051
             256       4 1642294 2371308  6554972  9434868 7314033 3285566 5428265  4652146  6719046  3159869  2419396 7314033  7735574
             256       8 1778290 2665657 10758322 12812277 9778562 4332998 5841722  5810112  9114515  3879045  2754556 6719046 10245071
             256      16 1868008 2563818  8815202 11695808 9778562 4332998 5117791  5428265 12812277  3511189  2783115 7120034  9434868
             256      32 2000242 2911402 10245071 12812277 9114515 4755158 7314033  6107548 12090911  4350555  3770085 8534922  7791708
             256      64 2015259 3454704 10651598 1345445011695808 4840911 8271916  5938650 11569783  4572895  3935921 5938650  9518507
             256     128 1894373 2639446 10245071 1065159811091721 4264168 6398720  5022044  8815202  3236056  4117018 7314033 11207494
             256     256 2030503 2783115 11091721 1156978310651598 4404088 6398720  4496299  6107548  4404088  3123106 7120034 10245071
             512       4 1668848 2141475  6246213  8140399 5079126 3012719 5067142  5019764  4973263  2922519  2402629 6086873  8394979
             512       8 1975959 2665014  7540170 1194335710044089 4271001 6491676  6104175  9859630  4000485  2708713 7211022 11620224
             512      16 1862832 2725905  7647578 1137404010434519 3877684 6652558  6086873  8701110  3653390  2532990 7334159 11620224
             512      32 2049505 2782414  8140399 1221509711374040 4732165 7309196  6395018 12797441  4375425  2975154 7647578 11620224
             512      64 2047551 2879414  8701110 13109944 8955098 4091959 7309196  5951911 12499490  3325278  3099691 7758090 10641343
             512     128 2124526 2768068  8844453 1113807110641343 4375425 6652558  6104175 10694336  3177664  3604335 7647578 12146009
             512     256 2057359 2910635  8844453 1137404010911694 4271001 7115451  5439343  8992598  3762197  4375425 7309196 10911694
             512     512 2124526 2768068 11138071 11374040 9638369 4000485 5566231  4163357  7022379  4375425  2708713 7309196  8265729
            1024       4 1878973 2450338  6529233  9569770 7631350 3680961 5444898  5169641  7369466  3483896  2321847 5853003  8822754
            1024       8 1932227 2547723  7369466 1090631010134284 3794792 6569179  6137371  9485232  3923040  2547723 7008693 10039528
            1024      16 2011877 2633647  7524394  866260110039528 4033569 6787181  6244448 10039528  3390391  2694787 6830356  8542002
            1024      32 2124322 2567523  7699755 1164560910769573 4396951 9743447  6559147 11645609  4415030  2573677 7160597  9045736
            1024      64 2068064 2813041  8000971 1263947912492426 4832290 7160597  6974549 13818817  4415030  2958362 7941793 12037272
            1024     128 2165014 2798378  8137402 10230845 9923546 4488860 7208671  6327241 12983353  3189002  2822283 7420395 11249091
            1024     256 2115949 2694787  8000971 1055778511018226 4321737 6744549  5917516  9655828  3379719  3179559 7208671  8970167
            1024     512 2147692 2869422  9142007 1124909110354166 4146499 7160597  5144870  8822754  3751699  3999762 7257394  8680108
            1024    1024 2250080 2844715 11398360 1055778511368190 4570058 6650556  4531485  7420395  4512441  3092561 7257394 11249091
            2048       4 1867050 2383573  6479029  8820994 7670915 3543986 5521212  5159722  7262337  3292669  2199836 6132138  8531869
            2048       8 1958129 2386884  7065219 10780463 9944290 4162181 6563185  6608629  7135648  2653011  2544558 7318020 10037248
            2048      16 2035623 2642401  7286980 1112965911015480 4472047 9483197  6608629  9268323  4031308  2659582 7088541  7311791
            2048      32 2076967 2649737  7616502  883006111579763 4423683 7159438  6802261  8903279  3312988  2680329 7529708 11440955
            2048      64 2109095 2694623  8006980 1144095511983630 4751580 7082696  7059413  7911115  3624742  2745435 7726111 11770166
            2048     128 2155672 2734075  8029434 1100137211900619 4552633 7393606  6717153 13836752  3070239  2809182 7726111  8903279
            2048     256 2206617 2767549  7556202 1112965910780463 4136128 6895083  6363830 11626784  3174630  2963266 7159438 10607402
            2048     512 2202092 2805512  8128206 1101548010834854 4240255 7159438  5735012  9944290  3638560  3235617 7419150  9567698
            2048    1024 2208887 2801852  8713618 1095926510889797 4338776 7444871  5225638  8903279  3195891  3723735 7444871 10339282
            2048    2048 2238241 2817475 10555264 1120223111129659 4321315 6939647  4414590  7318020  3730203  2955111 6990474 10673302
            4096       4 1882352 2396475  6272759  8752710 7408930 3268741 5603704  5325760  7380284  2341919  2327326 6311938  8292220
            4096       8 1978835 2545616  7489679 1086092210059615 2369047 6281934  6451792  7473388  3253266  2528382 7212959  9989424
            4096      16 2068666 2644356  7314299  875271010476771 3988078 7351860  6727163  8677553  3468014  2592481 7602365 10554004
            4096      32 2129963 2694540  7892238 1143947511841605 4813898 7355007  7096756  7301864  3533639  2678994 7542289 10840363
            4096      64 2164855 2730514  8077780 1215150612370246 4934183 7314299  7431363 10394367  4180214  2776856 7683972  9914481
            4096     128 2209116 2824797  7367624  742173210419583 4582757 7367624  7111444  8981502  3483484  2769246 7111444  9307517
            4096     256 2262949 2861973  7364466 1101410811371329 4596244 7146945  6532752 12220656  3011473  2789933 7038605  8925508
            4096     512 2258189 2791747  7529067 1083352710978915 4311344 7001316  5902100 10528134  2974454  2985308 7326777  8158335
            4096    1024 2317906 2749304  8292220 1107088911222762 4654774 7289472  5867831  9995236  3258820  2907502 7653165 10612681
            4096    2048 2274332 2782703  8981502 1137132910718622 4307020 7185807  5051705  8552280  3031667  3398719 6978564  7286380
            4096    4096 2336505 2818772 11378861 1147002511539362 4730393 6605595  4471821  6886255  3564431  2983234 6905631  7715028
            8192       4 1924828 2375895  6415419  7961372 7281448 3183872 5641246  5353814  5680416  2887662  2334569 6164502  7985426
            8192       8 2037363 2585031  7255309  9458182 9393538 3075300 6809564  6650092  7992856  2869335  2549735 7136266  7591960
            8192      16 2086606 2669172  7607087  8714540 8904241 3995873 7193036  6919267  7440706  3217563  2626528 7487730  9706673
            8192      32 2146302 2727871  7915520  9942612 8835550 3951754 7507362  7109687  9002223  3350598  2707237 7640921 10038471
            8192      64 2183954 2733296  7937463  946078610694620 4059608 7400641  7434267  8488485  3701837  2749041 7875605  9857043
            8192     128 2305588 2851476  7735533 10214543 8741143 4151830 7461712  7275280  7884642  3250744  2796929 7591960  9857043
            8192     256 2301110 2879434  7167528 1043796011255134 4563770 7218727  6623173  7585256  3283675  2752785 7019632  9023500
            8192     512 2301110 2878470  7432659 1046020411348065 4521133 7230880  6178913 11284706  4170981  4289173 7275280 10488942
            8192    1024 2320066 2870534  7837878  9092750 9603578 4413692 7353127  6046263 10694620  2863119  2724194 7455236 10612044
            8192    2048 2344605 2879434  8250021  865963210151170 3705031 7387910  5688881 10038471  3007468  2789210 7261443  9266865
            8192    4096 2304351 2854319  8835550 1048894210038471 3390605 7074554  5069448  8358395  3399327  3279287 7328036  8291831
            8192    8192 2246203 2715367  9396107  9299470 7124429 2956234 6538726  3179159  6336155  3258451  2921546 5958192  6340832
           16384       4 1925734 2392172  6427904  7278984 6088478 2436272 5614884  5342079  5340419  2345550  2308284 6161631  6243929
           16384       8 2066079 2572047  7320858  983983210253874 4113508 6673863  6641612  6519994  2793042  2542923 7145769  8705493
           16384      16 2121180 2604805  7540151  8245869 7386962 2864767 7198164  6995911  7242926  2864886  2580159 7494921  8225143
           16384      32 2207513 2631538  7568386  8842150 9266623 3051648 7557565  7243689  7390140  2989778  2653691 7570887  7757194
           16384      64 2187486 2735669  7810091  8220224 8433073 3191978 7645006  7546776  7857420  3049211  2744299 7684330  8650699
           16384     128 2312167 2879532  7798569  8645258 9406146 3280196 7630575  7433306  7634813  3104729  2753536 7430091  7918079
           16384     256 2317704 2861903  6974609  7861915 7599353 3368964 7207979  6706429  7207979  2707110  2670189 7255927  7167383
           16384     512 2341235 2859878  7440550  902208610001662 4005844 6992351  6270136  7317740  3040845  2741125 7327103 10008945
           16384    1024 2296635 2805929  7525288  8282642 8856965 3345673 7386168  6255866 10958635  2650211  2598207 7397299  7488387
           16384    2048 2326256 2384535  7731883  9335863 9959624 3862422 7471290  5990292 10751183  2635373  2589200 7163647  7595993
           16384    4096 2338924 2859759  7851137  8423769 8533606 3122504 7324760  5568926  9782402  2777015  2546882 7353761  8171351
           16384    8192 2226683 2713953  7406867  6775862 7255927 2858808 6494116  4014737  6913563  3208071  3107256 6187707  6640970
           16384   16384 2204468 2756850  4941072  5297194 4551318 2844960 4984437  2824265  4553731  2882068  2854414 4945339  4992041
           32768      64 2222931 2676002  7850153  8074761 8003756 2791840 7826014  7594233  7995840  2707900  2690934 7905239  8065284
           32768     128 2316758 2835850  7714006  8084736 7693710 2928357 7701039  7478122  7684676  2712121  2705661 7717471  7990262
           32768     256 2321337 2806204  7280066  7538416 7296298 2953084 7263905  6778470  7233322  2720927  2679079 7201862  7638550
           32768     512 2318048 2794224  7386885  7469181 7251258 2953402 7281994  6319960  7390062  2694944  2703585 7477715  7569555
           32768    1024 2328297 2827973  7508763  7546695 7688115 2990025 7421989  6361499  7393640  2529762  2531299 7297848  7508763
           32768    2048 2344422 2835382  7378557  7824678 7933989 3005391 7462692  6202453 11070568  2455634  2414013 7440472  7722675
           32768    4096 2316602 2791159  6822211  6945287 7123475 2405352 7324293  6057032 10515761  2409780  2364386 7353685  7682958
           32768    8192 2236241 2659278  6825260  7000117 6668296 2847896 6368868  4294724  7742688  2385562  2380686 6306331  6558827
           32768   16384 2223650 2631326  4642610  4621691 4498554 2829428 4474680  3087557  4543615  2732015  2997198 4530286  4652512
           65536      64 2235582 2685225  7961981  8300755 8055076 2774252 7813069  7581624  8011642  2693302  2666573 8047058  8347389
           65536     128 2313810 2801394  8133973  8263325 7948627 2931849 7764077  7538997  7764077  2699968  2685225 7921826  7909289
           65536     256 2323550 2779526  7398577  7635538 7419546 2937646 7382680  6669558  7335592  2662879  2649200 7221693  7544169
           65536     512 2332323 2821639  7271170  7655954 7824412 2964896 7470359  6369430  7514676  2695520  2696181 7660435  7913843
           65536    1024 2318944 2794701  7661289  7727409 7574521 2986121 7541686  6391943  7482968  2476895  2507008 7608907  7524962
           65536    2048 2344258 2812343  7689364  7979547 7775938 3024431 7631934  6221940  7644457  2363711  2361924 7623045  7703587
           65536    4096 2373364 2817185  7558899  7991146 7953457 3006239 7461640  6015254 11074049  2253341  2220880 7644457  7571183
           65536    8192 2255504 2680302  7114221  7071213 6772425 2879424 6587877  4537825  7894977  2166050  2217798 6332015  6890585
           65536   16384 2201333 2621734  4496479  4513757 4425676 2799369 4476561  3191437  4379839  2344578  2329576 4484814  4450613
          131072      64 2218584 2667645  8184445  8178601 7844487 2750899 7778337  7572518  8048684  2685629  2667425 8179209  8126975
          131072     128 2322694 2796376  8053991  8126374 7729669 2942533 8015708  7530612  7926829  2690531  2689097 8065925  8139127
          131072     256 2325337 2787217  7399852  7621756 6465600 2430141    2655  6763577  7459595  2659193  2657740 7471863  7580767
          131072     512 2342159 2834175  7537633  7707346 7664045 2988358 7633715  6433970  7572935  2688268  2687335 7795875  7897337
          131072    1024 2352804 2847711  7880244  8186883 8154823 3055288    9135  6384431  7647626  2479898  2497132 7730974  7863224
          131072    2048 2349978 2826104  7667358  7988801 7835989 3008786 7753435  6404066  7770421  2326232  2325504 7775586  7803289
          131072    4096 2380917 2834117  7711995  7780539 7572935 3015437    8320  6177669  7643586  2203264  2269291    9288  6698310
          131072    8192 2251475 2689926  6961947  7027626 6830978 2853357    8750  5189126  9157589  2052815  2036073 6685602  6950065
          131072   16384 2209613 2618136  4735240  4710410 4643333 2699343 4417348  3270179  4459595  2110899  2116213 4442191  4430056
          262144      64 2220487 2664605  8267451  8340323 8042491 2752689 8071184  7662112  8119462  2708938  2702739 8284645  8223118
          262144     128 2325021 2799749  8087391  8213781 7961140 2942988    3934  7549112  7896645  2683949  2687170 8142853  8185104
          262144     256 2261556 2786898  7516496  7607455 7527714 2959536 7465714  6827746  7464903  2653333  2658337   11169  6578945
          262144     512 2346902 2820057    11490  6639731 7614514 3001622    8909  6410032  7598780  2686868  2687308 7636462  7676448
          262144    1024 2351042 2827170    11498  6788122 7687505 3015915 7741305  6433925  7691807  2483056  2475603 7719456  7772992
          262144    2048 2357070 2835643    11395  6732838 7743377 3025883 7781078  6425878  7712850  2317421  2312736 7801894  7790506
          262144    4096 2345976 2821294  7734498  7880007 7812149 3014220 7703555  6418639  7750254  2151897  2142939   11432  6706678
          262144    8192 2222008 2651452  6805559  6924016 6755051 2817181 6723533  4806801  6814754  1988242  2041588 6884563  6945491
          262144   16384 2211532 2623038  4598354  4631027 4616580 2815875 4386749  3290741  4404533  2019257  2012018   10600  4054697
          524288      64 2234721 2680739  8273573  8323208 8054327 2761676 8140104  7640118  7994506  2706883  2704440 8533043  8541096
          524288     128 2315546 2777846    10896  7023191 7892559 2931457 8043692  7478836  7878336  2669845  2686618   11430  6960899
          524288     256 2329681 2791156  7530700  7592530 7493899 2911222    3956  6729393  7446949  2662872  2663578 7591220  7607529
          524288     512 2329010 2800369  7620578  7722379 7668172 2997525    8955  6420940  7614167  2685804  2650007 7729572  7710114
          524288    1024 2348350 2835997    10242  6751065 7691775 3016183 7375193  6423604  7957246  2462473  2482906 7792157  7815614
          524288    2048 2357092 2834542    10858  6791556 7749894 3017433 7557409  6453332  7137257  1770986  2277254   10850  6749863
          524288    4096 2341043 2828439  7724875  7792626 7926813 3004241 7764945  6364041  7803882  2161772  2155009 7769526  7758260
          524288    8192 2241477 2690065  6936854  6976379 7003017 2868380 6899355  4369758  6819294  1970956  1972105   11331  5892522
          524288   16384 2204519 2616128  4436575  4441163 4427918 2787370 3277473  3315757  4618343  1995714  1970606 4421277  4438375

iozone test complete.
Excel output is below:

"Writer report"
        "4"  "8"  "16"  "32"  "64"  "128"  "256"  "512"  "1024"  "2048"  "4096"  "8192"  "16384"
"64"   1304314  1526887  1460430  1638743  1421755 
"128"   1373754  1663139  1658003  1455701  1504659  1755594 
"256"   1642294  1778290  1868008  2000242  2015259  1894373  2030503 
"512"   1668848  1975959  1862832  2049505  2047551  2124526  2057359  2124526 
"1024"   1878973  1932227  2011877  2124322  2068064  2165014  2115949  2147692  2250080 
"2048"   1867050  1958129  2035623  2076967  2109095  2155672  2206617  2202092  2208887  2238241 
"4096"   1882352  1978835  2068666  2129963  2164855  2209116  2262949  2258189  2317906  2274332  2336505 
"8192"   1924828  2037363  2086606  2146302  2183954  2305588  2301110  2301110  2320066  2344605  2304351  2246203 
"16384"   1925734  2066079  2121180  2207513  2187486  2312167  2317704  2341235  2296635  2326256  2338924  2226683  2204468 
"32768"   0  0  0  0  2222931  2316758  2321337  2318048  2328297  2344422  2316602  2236241  2223650 
"65536"   0  0  0  0  2235582  2313810  2323550  2332323  2318944  2344258  2373364  2255504  2201333 
"131072"   0  0  0  0  2218584  2322694  2325337  2342159  2352804  2349978  2380917  2251475  2209613 
"262144"   0  0  0  0  2220487  2325021  2261556  2346902  2351042  2357070  2345976  2222008  2211532 
"524288"   0  0  0  0  2234721  2315546  2329681  2329010  2348350  2357092  2341043  2241477  2204519 

"Re-writer report"
        "4"  "8"  "16"  "32"  "64"  "128"  "256"  "512"  "1024"  "2048"  "4096"  "8192"  "16384"
"64"   3057153  1828508  3203069  2892445  3541098 
"128"   2098744  2098744  2558895  2336194  1967960  3867787 
"256"   2371308  2665657  2563818  2911402  3454704  2639446  2783115 
"512"   2141475  2665014  2725905  2782414  2879414  2768068  2910635  2768068 
"1024"   2450338  2547723  2633647  2567523  2813041  2798378  2694787  2869422  2844715 
"2048"   2383573  2386884  2642401  2649737  2694623  2734075  2767549  2805512  2801852  2817475 
"4096"   2396475  2545616  2644356  2694540  2730514  2824797  2861973  2791747  2749304  2782703  2818772 
"8192"   2375895  2585031  2669172  2727871  2733296  2851476  2879434  2878470  2870534  2879434  2854319  2715367 
"16384"   2392172  2572047  2604805  2631538  2735669  2879532  2861903  2859878  2805929  2384535  2859759  2713953  2756850 
"32768"   0  0  0  0  2676002  2835850  2806204  2794224  2827973  2835382  2791159  2659278  2631326 
"65536"   0  0  0  0  2685225  2801394  2779526  2821639  2794701  2812343  2817185  2680302  2621734 
"131072"   0  0  0  0  2667645  2796376  2787217  2834175  2847711  2826104  2834117  2689926  2618136 
"262144"   0  0  0  0  2664605  2799749  2786898  2820057  2827170  2835643  2821294  2651452  2623038 
"524288"   0  0  0  0  2680739  2777846  2791156  2800369  2835997  2834542  2828439  2690065  2616128 

"Reader report"
        "4"  "8"  "16"  "32"  "64"  "128"  "256"  "512"  "1024"  "2048"  "4096"  "8192"  "16384"
"64"   5283570  6421025  7100397  10821524  12902017 
"128"   6045455  6727225  7176872  7917784  9129573  12842051 
"256"   6554972  10758322  8815202  10245071  10651598  10245071  11091721 
"512"   6246213  7540170  7647578  8140399  8701110  8844453  8844453  11138071 
"1024"   6529233  7369466  7524394  7699755  8000971  8137402  8000971  9142007  11398360 
"2048"   6479029  7065219  7286980  7616502  8006980  8029434  7556202  8128206  8713618  10555264 
"4096"   6272759  7489679  7314299  7892238  8077780  7367624  7364466  7529067  8292220  8981502  11378861 
"8192"   6415419  7255309  7607087  7915520  7937463  7735533  7167528  7432659  7837878  8250021  8835550  9396107 
"16384"   6427904  7320858  7540151  7568386  7810091  7798569  6974609  7440550  7525288  7731883  7851137  7406867  4941072 
"32768"   0  0  0  0  7850153  7714006  7280066  7386885  7508763  7378557  6822211  6825260  4642610 
"65536"   0  0  0  0  7961981  8133973  7398577  7271170  7661289  7689364  7558899  7114221  4496479 
"131072"   0  0  0  0  8184445  8053991  7399852  7537633  7880244  7667358  7711995  6961947  4735240 
"262144"   0  0  0  0  8267451  8087391  7516496  11490  11498  11395  7734498  6805559  4598354 
"524288"   0  0  0  0  8273573  10896  7530700  7620578  10242  10858  7724875  6936854  4436575 

"Re-Reader report"
        "4"  "8"  "16"  "32"  "64"  "128"  "256"  "512"  "1024"  "2048"  "4096"  "8192"  "16384"
"64"   10821524  9318832  12902017  12902017  12902017 
"128"   9129573  6406138  12842051  12842051  8548124  12842051 
"256"   9434868  12812277  11695808  12812277  13454450  10651598  11569783 
"512"   8140399  11943357  11374040  12215097  13109944  11138071  11374040  11374040 
"1024"   9569770  10906310  8662601  11645609  12639479  10230845  10557785  11249091  10557785 
"2048"   8820994  10780463  11129659  8830061  11440955  11001372  11129659  11015480  10959265  11202231 
"4096"   8752710  10860922  8752710  11439475  12151506  7421732  11014108  10833527  11070889  11371329  11470025 
"8192"   7961372  9458182  8714540  9942612  9460786  10214543  10437960  10460204  9092750  8659632  10488942  9299470 
"16384"   7278984  9839832  8245869  8842150  8220224  8645258  7861915  9022086  8282642  9335863  8423769  6775862  5297194 
"32768"   0  0  0  0  8074761  8084736  7538416  7469181  7546695  7824678  6945287  7000117  4621691 
"65536"   0  0  0  0  8300755  8263325  7635538  7655954  7727409  7979547  7991146  7071213  4513757 
"131072"   0  0  0  0  8178601  8126374  7621756  7707346  8186883  7988801  7780539  7027626  4710410 
"262144"   0  0  0  0  8340323  8213781  7607455  6639731  6788122  6732838  7880007  6924016  4631027 
"524288"   0  0  0  0  8323208  7023191  7592530  7722379  6751065  6791556  7792626  6976379  4441163 

"Random read report"
        "4"  "8"  "16"  "32"  "64"  "128"  "256"  "512"  "1024"  "2048"  "4096"  "8192"  "16384"
"64"   7100397  7100397  9318832  10821524  9006179 
"128"   6727225  6406138  9795896  9129573  6045455  11720614 
"256"   7314033  9778562  9778562  9114515  11695808  11091721  10651598 
"512"   5079126  10044089  10434519  11374040  8955098  10641343  10911694  9638369 
"1024"   7631350  10134284  10039528  10769573  12492426  9923546  11018226  10354166  11368190 
"2048"   7670915  9944290  11015480  11579763  11983630  11900619  10780463  10834854  10889797  11129659 
"4096"   7408930  10059615  10476771  11841605  12370246  10419583  11371329  10978915  11222762  10718622  11539362 
"8192"   7281448  9393538  8904241  8835550  10694620  8741143  11255134  11348065  9603578  10151170  10038471  7124429 
"16384"   6088478  10253874  7386962  9266623  8433073  9406146  7599353  10001662  8856965  9959624  8533606  7255927  4551318 
"32768"   0  0  0  0  8003756  7693710  7296298  7251258  7688115  7933989  7123475  6668296  4498554 
"65536"   0  0  0  0  8055076  7948627  7419546  7824412  7574521  7775938  7953457  6772425  4425676 
"131072"   0  0  0  0  7844487  7729669  6465600  7664045  8154823  7835989  7572935  6830978  4643333 
"262144"   0  0  0  0  8042491  7961140  7527714  7614514  7687505  7743377  7812149  6755051  4616580 
"524288"   0  0  0  0  8054327  7892559  7493899  7668172  7691775  7749894  7926813  7003017  4427918 

"Random write report"
        "4"  "8"  "16"  "32"  "64"  "128"  "256"  "512"  "1024"  "2048"  "4096"  "8192"  "16384"
"64"   3057153  2772930  3541098  3958892  2923952 
"128"   3053774  3199360  1939522  4012317  2132084  4407601 
"256"   3285566  4332998  4332998  4755158  4840911  4264168  4404088 
"512"   3012719  4271001  3877684  4732165  4091959  4375425  4271001  4000485 
"1024"   3680961  3794792  4033569  4396951  4832290  4488860  4321737  4146499  4570058 
"2048"   3543986  4162181  4472047  4423683  4751580  4552633  4136128  4240255  4338776  4321315 
"4096"   3268741  2369047  3988078  4813898  4934183  4582757  4596244  4311344  4654774  4307020  4730393 
"8192"   3183872  3075300  3995873  3951754  4059608  4151830  4563770  4521133  4413692  3705031  3390605  2956234 
"16384"   2436272  4113508  2864767  3051648  3191978  3280196  3368964  4005844  3345673  3862422  3122504  2858808  2844960 
"32768"   0  0  0  0  2791840  2928357  2953084  2953402  2990025  3005391  2405352  2847896  2829428 
"65536"   0  0  0  0  2774252  2931849  2937646  2964896  2986121  3024431  3006239  2879424  2799369 
"131072"   0  0  0  0  2750899  2942533  2430141  2988358  3055288  3008786  3015437  2853357  2699343 
"262144"   0  0  0  0  2752689  2942988  2959536  3001622  3015915  3025883  3014220  2817181  2815875 
"524288"   0  0  0  0  2761676  2931457  2911222  2997525  3016183  3017433  3004241  2868380  2787370 

"Backward read report"
        "4"  "8"  "16"  "32"  "64"  "128"  "256"  "512"  "1024"  "2048"  "4096"  "8192"  "16384"
"64"   4897948  5860307  4274062  3738358  5860307 
"128"   4012317  4596273  4934216  5122535  5122535  6406138 
"256"   5428265  5841722  5117791  7314033  8271916  6398720  6398720 
"512"   5067142  6491676  6652558  7309196  7309196  6652558  7115451  5566231 
"1024"   5444898  6569179  6787181  9743447  7160597  7208671  6744549  7160597  6650556 
"2048"   5521212  6563185  9483197  7159438  7082696  7393606  6895083  7159438  7444871  6939647 
"4096"   5603704  6281934  7351860  7355007  7314299  7367624  7146945  7001316  7289472  7185807  6605595 
"8192"   5641246  6809564  7193036  7507362  7400641  7461712  7218727  7230880  7353127  7387910  7074554  6538726 
"16384"   5614884  6673863  7198164  7557565  7645006  7630575  7207979  6992351  7386168  7471290  7324760  6494116  4984437 
"32768"   0  0  0  0  7826014  7701039  7263905  7281994  7421989  7462692  7324293  6368868  4474680 
"65536"   0  0  0  0  7813069  7764077  7382680  7470359  7541686  7631934  7461640  6587877  4476561 
"131072"   0  0  0  0  7778337  8015708  2655  7633715  9135  7753435  8320  8750  4417348 
"262144"   0  0  0  0  8071184  3934  7465714  8909  7741305  7781078  7703555  6723533  4386749 
"524288"   0  0  0  0  8140104  8043692  3956  8955  7375193  7557409  7764945  6899355  3277473 

"Record rewrite report"
        "4"  "8"  "16"  "32"  "64"  "128"  "256"  "512"  "1024"  "2048"  "4096"  "8192"  "16384"
"64"   4274062  4897948  3958892  4018152  3958892 
"128"   3657016  4407601  4596273  4934216  2920861  4407601 
"256"   4652146  5810112  5428265  6107548  5938650  5022044  4496299 
"512"   5019764  6104175  6086873  6395018  5951911  6104175  5439343  4163357 
"1024"   5169641  6137371  6244448  6559147  6974549  6327241  5917516  5144870  4531485 
"2048"   5159722  6608629  6608629  6802261  7059413  6717153  6363830  5735012  5225638  4414590 
"4096"   5325760  6451792  6727163  7096756  7431363  7111444  6532752  5902100  5867831  5051705  4471821 
"8192"   5353814  6650092  6919267  7109687  7434267  7275280  6623173  6178913  6046263  5688881  5069448  3179159 
"16384"   5342079  6641612  6995911  7243689  7546776  7433306  6706429  6270136  6255866  5990292  5568926  4014737  2824265 
"32768"   0  0  0  0  7594233  7478122  6778470  6319960  6361499  6202453  6057032  4294724  3087557 
"65536"   0  0  0  0  7581624  7538997  6669558  6369430  6391943  6221940  6015254  4537825  3191437 
"131072"   0  0  0  0  7572518  7530612  6763577  6433970  6384431  6404066  6177669  5189126  3270179 
"262144"   0  0  0  0  7662112  7549112  6827746  6410032  6433925  6425878  6418639  4806801  3290741 
"524288"   0  0  0  0  7640118  7478836  6729393  6420940  6423604  6453332  6364041  4369758  3315757 

"Stride read report"
        "4"  "8"  "16"  "32"  "64"  "128"  "256"  "512"  "1024"  "2048"  "4096"  "8192"  "16384"
"64"   7100397  7940539  9006179  6421025  5283570 
"128"   4407601  9795896  8548124  10567140  7082197  9795896 
"256"   6719046  9114515  12812277  12090911  11569783  8815202  6107548 
"512"   4973263  9859630  8701110  12797441  12499490  10694336  8992598  7022379 
"1024"   7369466  9485232  10039528  11645609  13818817  12983353  9655828  8822754  7420395 
"2048"   7262337  7135648  9268323  8903279  7911115  13836752  11626784  9944290  8903279  7318020 
"4096"   7380284  7473388  8677553  7301864  10394367  8981502  12220656  10528134  9995236  8552280  6886255 
"8192"   5680416  7992856  7440706  9002223  8488485  7884642  7585256  11284706  10694620  10038471  8358395  6336155 
"16384"   5340419  6519994  7242926  7390140  7857420  7634813  7207979  7317740  10958635  10751183  9782402  6913563  4553731 
"32768"   0  0  0  0  7995840  7684676  7233322  7390062  7393640  11070568  10515761  7742688  4543615 
"65536"   0  0  0  0  8011642  7764077  7335592  7514676  7482968  7644457  11074049  7894977  4379839 
"131072"   0  0  0  0  8048684  7926829  7459595  7572935  7647626  7770421  7643586  9157589  4459595 
"262144"   0  0  0  0  8119462  7896645  7464903  7598780  7691807  7712850  7750254  6814754  4404533 
"524288"   0  0  0  0  7994506  7878336  7446949  7614167  7957246  7137257  7803882  6819294  4618343 

"Fwrite report"
        "4"  "8"  "16"  "32"  "64"  "128"  "256"  "512"  "1024"  "2048"  "4096"  "8192"  "16384"
"64"   3022727  3203069  2467108  2801873  3165299 
"128"   2673584  2248149  2326073  4135958  2608629  4444086 
"256"   3159869  3879045  3511189  4350555  4572895  3236056  4404088 
"512"   2922519  4000485  3653390  4375425  3325278  3177664  3762197  4375425 
"1024"   3483896  3923040  3390391  4415030  4415030  3189002  3379719  3751699  4512441 
"2048"   3292669  2653011  4031308  3312988  3624742  3070239  3174630  3638560  3195891  3730203 
"4096"   2341919  3253266  3468014  3533639  4180214  3483484  3011473  2974454  3258820  3031667  3564431 
"8192"   2887662  2869335  3217563  3350598  3701837  3250744  3283675  4170981  2863119  3007468  3399327  3258451 
"16384"   2345550  2793042  2864886  2989778  3049211  3104729  2707110  3040845  2650211  2635373  2777015  3208071  2882068 
"32768"   0  0  0  0  2707900  2712121  2720927  2694944  2529762  2455634  2409780  2385562  2732015 
"65536"   0  0  0  0  2693302  2699968  2662879  2695520  2476895  2363711  2253341  2166050  2344578 
"131072"   0  0  0  0  2685629  2690531  2659193  2688268  2479898  2326232  2203264  2052815  2110899 
"262144"   0  0  0  0  2708938  2683949  2653333  2686868  2483056  2317421  2151897  1988242  2019257 
"524288"   0  0  0  0  2706883  2669845  2662872  2685804  2462473  1770986  2161772  1970956  1995714 

"Re-Fwrite report"
        "4"  "8"  "16"  "32"  "64"  "128"  "256"  "512"  "1024"  "2048"  "4096"  "8192"  "16384"
"64"   3057153  1526887  2561267  2298136  3791156 
"128"   1911894  2286447  2098744  4267461  3199360  3657016 
"256"   2419396  2754556  2783115  3770085  3935921  4117018  3123106 
"512"   2402629  2708713  2532990  2975154  3099691  3604335  4375425  2708713 
"1024"   2321847  2547723  2694787  2573677  2958362  2822283  3179559  3999762  3092561 
"2048"   2199836  2544558  2659582  2680329  2745435  2809182  2963266  3235617  3723735  2955111 
"4096"   2327326  2528382  2592481  2678994  2776856  2769246  2789933  2985308  2907502  3398719  2983234 
"8192"   2334569  2549735  2626528  2707237  2749041  2796929  2752785  4289173  2724194  2789210  3279287  2921546 
"16384"   2308284  2542923  2580159  2653691  2744299  2753536  2670189  2741125  2598207  2589200  2546882  3107256  2854414 
"32768"   0  0  0  0  2690934  2705661  2679079  2703585  2531299  2414013  2364386  2380686  2997198 
"65536"   0  0  0  0  2666573  2685225  2649200  2696181  2507008  2361924  2220880  2217798  2329576 
"131072"   0  0  0  0  2667425  2689097  2657740  2687335  2497132  2325504  2269291  2036073  2116213 
"262144"   0  0  0  0  2702739  2687170  2658337  2687308  2475603  2312736  2142939  2041588  2012018 
"524288"   0  0  0  0  2704440  2686618  2663578  2650007  2482906  2277254  2155009  1972105  1970606 

"Fread report"
        "4"  "8"  "16"  "32"  "64"  "128"  "256"  "512"  "1024"  "2048"  "4096"  "8192"  "16384"
"64"   5860307  4564786  4988978  4988978  9318832 
"128"   4934216  5122535  7476717  5545860  5325799  7917784 
"256"   7314033  6719046  7120034  8534922  5938650  7314033  7120034 
"512"   6086873  7211022  7334159  7647578  7758090  7647578  7309196  7309196 
"1024"   5853003  7008693  6830356  7160597  7941793  7420395  7208671  7257394  7257394 
"2048"   6132138  7318020  7088541  7529708  7726111  7726111  7159438  7419150  7444871  6990474 
"4096"   6311938  7212959  7602365  7542289  7683972  7111444  7038605  7326777  7653165  6978564  6905631 
"8192"   6164502  7136266  7487730  7640921  7875605  7591960  7019632  7275280  7455236  7261443  7328036  5958192 
"16384"   6161631  7145769  7494921  7570887  7684330  7430091  7255927  7327103  7397299  7163647  7353761  6187707  4945339 
"32768"   0  0  0  0  7905239  7717471  7201862  7477715  7297848  7440472  7353685  6306331  4530286 
"65536"   0  0  0  0  8047058  7921826  7221693  7660435  7608907  7623045  7644457  6332015  4484814 
"131072"   0  0  0  0  8179209  8065925  7471863  7795875  7730974  7775586  9288  6685602  4442191 
"262144"   0  0  0  0  8284645  8142853  11169  7636462  7719456  7801894  11432  6884563  10600 
"524288"   0  0  0  0  8533043  11430  7591220  7729572  7792157  10850  7769526  11331  4421277 

"Re-Fread report"
        "4"  "8"  "16"  "32"  "64"  "128"  "256"  "512"  "1024"  "2048"  "4096"  "8192"  "16384"
"64"   8182586  12902017  7940539  9006179  10821524 
"128"   5784891  5379161  10567140  9795896  7082197  12842051 
"256"   7735574  10245071  9434868  7791708  9518507  11207494  10245071 
"512"   8394979  11620224  11620224  11620224  10641343  12146009  10911694  8265729 
"1024"   8822754  10039528  8542002  9045736  12037272  11249091  8970167  8680108  11249091 
"2048"   8531869  10037248  7311791  11440955  11770166  8903279  10607402  9567698  10339282  10673302 
"4096"   8292220  9989424  10554004  10840363  9914481  9307517  8925508  8158335  10612681  7286380  7715028 
"8192"   7985426  7591960  9706673  10038471  9857043  9857043  9023500  10488942  10612044  9266865  8291831  6340832 
"16384"   6243929  8705493  8225143  7757194  8650699  7918079  7167383  10008945  7488387  7595993  8171351  6640970  4992041 
"32768"   0  0  0  0  8065284  7990262  7638550  7569555  7508763  7722675  7682958  6558827  4652512 
"65536"   0  0  0  0  8347389  7909289  7544169  7913843  7524962  7703587  7571183  6890585  4450613 
"131072"   0  0  0  0  8126975  8139127  7580767  7897337  7863224  7803289  6698310  6950065  4430056 
"262144"   0  0  0  0  8223118  8185104  6578945  7676448  7772992  7790506  6706678  6945491  4054697 
"524288"   0  0  0  0  8541096  6960899  7607529  7710114  7815614  6749863  7758260  5892522  4438375 

