	Iozone: Performance Test of File I/O
	        Version $Revision: 3.397 $
		Compiled for 64 bit mode.
		Build: linux-AMD64 

	Contributors:William Norcott, Don Capps, Isom Crawford, Kirby Collins
	             Al Slater, Scott Rhine, Mike Wisner, Ken Goss
	             Steve Landherr, Brad Smith, Mark Kelly, Dr. Alain CYR,
	             Randy Dunlap, Mark Montague, Dan Million, Gavin Brebner,
	             Jean-Marc Zucconi, Jeff Blomberg, Benny Halevy, Dave Boone,
	             Erik Habbinga, Kris Strecker, Walter Wong, Joshua Root,
	             Fabrice Bacchella, Zhenghua Xue, Qin Li, Darren Sawyer.
	             Ben England.

	Run began: Thu Apr 30 15:56:53 2015

	Excel chart generation enabled
	Auto Mode
	Command line used: /opt/iozone/bin/iozone -Ra -b 662.xls -f 662.tmp
	Output is in Kbytes/sec
	Time Resolution = 0.000001 seconds.
	Processor cache size set to 1024 Kbytes.
	Processor cache line size set to 32 bytes.
	File stride size set to 17 * record size.
                                                            random  random    bkwd   record   stride                                   
              KB  reclen   write rewrite    read    reread    read   write    read  rewrite     read   fwrite frewrite   fread  freread
              64       4  703068 1933893  4274062  5283570 3738358 1879725 3022727  2467108  4274062  1828508  1991276 4018152  4564786
              64       8 1029254 2203800  6421025  7100397 4897948 2358717 4018152  3022727  5860307  2379626  2278628 4897948  5860307
              64      16 1124074 2278628  7100397  7100397 5735102 2467108 4274062  1991276  6421025  2358717  3057153 6421025  6421025
              64      32 1101022 2358717  7100397  9006179 5860307 2662899 4274062  3057153  7100397  2467108  4274062 6421025  7100397
              64      64 1124074 2467108  9318832 10821524 6421025 2801873 4564786  2662899  7100397  2801873  2772930 6421025  7100397
             128       4 1085013 1997245  4934216  5325799 3867787 2035099 3536566  2621367  3895854  1997245  2004703 4759253  4717434
             128       8 1152564 2464907  4759253  6727225 4135958 2066432 5545860  4267461  9977956  2727923  2770150 6727225  6406138
             128      16 1391557 2770150  9977956 10567140 9129573 3277486 7176872  4407601  6406138  2367096  2905056 6727225  7176872
             128      32 1332828 2727923  7582312  8036304 6727225 2905056 5545860  3468030  6045455  2608629  3657016 8036304 10567140
             128      64 1504659 3277486 10779307 11720614 6727225 3759450 4717434  2985839  6727225  2409592  3759450 6727225  6406138
             128     128 1349580 2784517  8036304  9129573 7582312 3199360 6406138  3199360  7582312  3199360  3199360 7582312  8036304
             256       4 1143731 2228578  5117791  5455847 4132864 1778290 3197509  2639446  4132864  1897721  2065659 4054829  4734192
             256       8 1231629 2413957  6719046  6761355 5569035 2247235 5217259  3511189  5687020  2285501  2486631 6398720  6249745
             256      16 1312954 2588541  7314033  7791708 6554972 2754556 6107548  3654598  7314033  2582316  2747508 6936061  7314033
             256      32 1292410 2509882  7518900  8271916 7314033 3017775 6554972  3994490  8271916  2975955  2842047 7314033  7735574
             256      64 1398455 2285501  9868433 1222861210651598 3236056 9518507  4734192 11695808  3935921  419748910245071 11207494
             256     128 1649865 3123106 11695808 12090911 5687020 2613746 6398720  4264168 11091721  3052087  581011210651598 11207494
             256     256 1347557 2588541  7965107  8208677 7791708 2719671 7120034  2903529  7791708  2911402  2911402 7735574  7965107
             512       4 1160923 2065273  5115422  5164632 4163357 2014892 4061007  2768068  3913012  1999881  2032051 4916336  4927617
             512       8 1279935 2368185  6246213  6736026 5566231 2405320 5278892  3304808  5509113  2317080  2337255 6018636  5509113
             512      16 1286067 2584820  6999490  7309196 6491676 2625909 6414119  3762197  6395018  2597325  2668325 6999490  7115451
             512      32 1368865 2638816  7988981  8018812 7435738 2894940 7115451  4228947  8562340  2736325  2830083 7647578  7871843
             512      64 1380303 2796910  7647578  8265729 7871843 3029721 7540170  4068701  8992598  2860238  2958758 8140399  8140399
             512     128 1497750 2708713  8394979  8394979 7988981 3158966 7410080  3877684  8955098  3196584  2497638 7988981  8109658
             512     256 1437592 2638816  7988981  8140399 7871843 2979282 7334159  3510074  7540170  2613128  4571003 8018812  8018812
             512     512 1467055 2681653  8140399  8394979 7513788 3012719 7647578  2975154  7988981  3012719  2975154 7988981  8109658
            1024       4 1210598 2035716  5096034  5071963 4079544 2068064 4110780  2600164  3835457  2000631  2035716 4762630  4783849
            1024       8 1309119 2331932  6650556  6918376 5564829 2443368 5564829  3556008  5479632  2419964  2353657 6559147  6519323
            1024      16 1357961 2579861  7306780  7208671 6244448 2600164 6280976  3778101  6244448  2625597  2561398 7208671  7160597
            1024      32 1398645 2668003  7811791  7869040 7420395 2902385 7257394  4228138  7066349  2546213  2674649 7644933  7769397
            1024      64 1422266 2737730  8137402  8391792 8000971 3001782 7811791  4142499  9142007  2820430  2835325 8061038  8122014
            1024     128 1482144 2813041  8262639  8326715 7755368 3151562 7927135  4199201  9300377  2859868  2952261 8199542  8326715
            1024     256 1494522 2686359  7631350  8122014 7883484 2916180 7699755  3709575  7883484  3133170  3229770 7986094  8061038
            1024     512 1515083 2668003  8061038  8122014 8061038 2966535 7755368  3495237  8000971  2737730  4634161 8122014  8122014
            1024    1024 1501313 2681328  8183918  8262639 8122014 2934110 7811791  3012308  8076196  2884840  2985091 8122014  7420395
            2048       4 1250207 2050198  5071381  5403134 4112366 2016035 4265523  2730599  3999400  1963500  1965747 4911886  4957240
            2048       8 1319537 2309242  6459541  6717153 5659442 2316716 5492967  3500658  5006356  2188069  2295665 6185123  6629029
            2048      16 1403628 2602375  7135648  7286980 6629029 2741930 6732948  3937075  6738230  2602375  2608697 7183386  7318020
            2048      32 1403628 2763987  7882079  7969835 5852228 2615051 7361923  4120256  7368238  2639154  2648920 7286980  7969835
            2048      64 1433135 2691246  8190205  8456277 7911115 2994254 7523114  4284671  7874853  2592166  2691246 7940367  8325147
            2048     128 1493952 2763987  8431376  8456277 8190205 3047366 8190205  4162181  9567698  2734075  2759547 8229438  8431376
            2048     256 1399740 2629459  8067138  7999524 8067138 2913021 7903836  3908414  8357547  2778290  3103517 7698414  7882079
            2048     512 1477760 2639154  8067138  8159088 8190205 2875960 7969835  3624742  8059569  3079044  3266376 7999524  8097557
            2048    1024 1500476 2599225  8253158  8292998 8221561 2828608 8128206  3346546  8253158  2450202  3899542 8190205  8284999
            2048    2048 1513696 2646472  8325147  8159088 8325147 2892423 7817519  2916978  8221561  2914009  2929912 8261095  8253158
            4096       4 1245748 2054318  5013377  5036894 4023571 1999099 4222337  2682340  4007615  1979748  1961663 4994430  4729091
            4096       8 1340731 2377242  6745653  6638778 5728903 2496056 5751920  3474326  5513780  2308872  2327326 6160296  6281934
            4096      16 1401773 2509913  7050159  7351860 6628532 2765680 6503078  4058742  6585338  2584291  2609016 6978564  7170810
            4096      32 1437669 2698349  7845385  7954358 7447471 2938334 7529067  4280194  7572208  2745350  2736168 7892238  7921350
            4096      64 1494446 2716268  8193352  8409937 8209013 3180393 8077780  4490523  8209013  2752387  2756362 8409937  8344580
            4096     128 1500843 2520592  7555557  8240513 8256354 3131694 7158858  4654774  8224733  2694963  2564999 7326777  7473388
            4096     256 1547484 2741407  5681538  6850558 6625976 2175271 6430059  3421735  7076294  2101563  3148338 9163546  9966244
            4096     512 1565249 2377242  8677553 10089154 9920205 3615440 9524234  5050220  9823772  3577048  3630721 9545402  9966244
            4096    1024 1572412 2721431  8829180 1039436710245593 3571100 9897345  4801789 10112910  3404782  3276846 8748253 10294709
            4096    2048 1539855 2153727  6941906  8224733 7998800 3013586 6254490  3436107  7983931  2336505  2846797 6379914  7683972
            4096    4096 1545118 2675239  8308260  8292220 8292220 3040789 7756829  3068488  7529067  3063563  2998333 7447471  8328399
            8192       4 1222166 1966807  4385525  5047109 4011735 2023803 3967268  2671039  3944043  2017742  1791827 4399563  4849778
            8192       8 1374730 2299724  5944791  6527546 5360496 2467342 5085204  3535386  5599873  2380669  2302344 5429103  6340832
            8192      16 1417550 2526859  8596799  9893942 9276873 3756063 5535816  3944043  6475875  2571296  2212930 6286308  7019632
            8192      32 1491385 2257864  6978288  7884642 7585256 3010630 6919267  4427912  7634130  2649414  2416499 6450345  7793434
            8192      64 1480333 2422291  6989645  8109821 8071718 3020687 6628284  4471708  8071718  2649414  2347328 6995337  8022717
            8192     128 1524943 3004049  9143564 1058262810964221 3782110 9406396  5838720 10849967  3220277  2976723 8216483 10254172
            8192     256 1527520 3050997  8856046  9857043 9882559 3749505 9224572  5123115  9823226  3323375  2724410 8259938  9820419
            8192     512 1927095 2830803  8056577  962510010306460 3797576 8342160  5053790 10343693  3418945  2698308 7473073  9673878
            8192    1024 1495670 2513733  7460092  954753910100441 3768008 6866721  4979812 10015063  2974404  2467520 5797345  7105276
            8192    2048 1565163 2357960  6506533  8200795 8242105 2981113 7025373  3700243  8200795  2552007  2391938 6350207  7939297
            8192    4096 1583266 2386953  7105276  8134781 8350269 3038585 6532510  3537206  7585256  2237573  2748162 6118398  7236972
            8192    8192 1575426 2153026  7825383  8273861 8226319 2987594 6001904  3046668  6350207  2948876  2576889 5988306  7758240
           16384       4 1285730 1651084  3851382  4606231 3904558 1955379 3557865  2848380  3706790  1987616  1649618 4007946  4291264
           16384       8 1381690 1922341  4914218  5693031 5520166 2416143 4508617  3645633  5551830  2340517  1842305 4832999  5636067
           16384      16 1458708 1954434  5468332  6409917 6405137 2674554 5165399  4075451  6564213  2558069  1928436 5411065  6232038
           16384      32 1488246 1990034  5730536  6792606 7410062 2838028 5537068  4323120  7043957  2486880  1952324 5643936  6875519
           16384      64 1532213 2016250  6045627  7223891 7945545 2961688 6058953  4746211  7787080  2648985  2111080 5897753  7067864
           16384     128 1583149 2036747  5857536  7008039 7991746 3030653 5696807  4495933  7824319  2517583  2007122 5770960  6977442
           16384     256 1511420 1925950  5514850  6872081 7930873 2870391 5537068  4269933  6384903  2304336  1926166 5582498  7049738
           16384     512 1492026 2425524  6603955  6494116 8130744 2907062 6407526  5041113  8253792  3098988  2325626 5696807  6493502
           16384    1024 1584683 2051094  6005474  7498192 8237961 2909031 6154457  4107362  8299648  2331939  2044930 5944691  7344330
           16384    2048 1252592 1836544  5525936  6965419 7938202 2560070 5859534  3959451  8253792  2186930  1950052 6070193  7419662
           16384    4096 1589264 2069501  6486147  7426879 7869117 2914706 6085782  3676842  8135557  2200092  1986467 5955510  7160661
           16384    8192 1560075 1941897  6747917  7543462 7717122 2632042 5649969  3261824  6412309  2299863  2434115 5593404  6695321
           16384   16384 1545932 1896923  5741068  5349148 5897753 2147027 4621721  2099727  4570388  2138075  2037835 4544696  5776782
           32768      64 1479495 1821642  5768975  6049035 6483640 2050170 5659462  4370799  6262937  2028984  1834211 5804792  6060237
           32768     128 1565759 1950130  5832877  6089505 6586487 2220524 5821265  4611920  6442912  2037557  1852781 5856738  6005948
           32768     256 1582763 1915156  5521231  5825460 6380103 2192715 5502663  4258925  6210861  2068312  1899382 5552908  5833619
           32768     512 1560745 1892373  5769944  6044778 6519625 2172817 5710726  3903760  6287003  2043525  1911135 5749668  6021473
           32768    1024 1545146 1953484  5975137  6220419 6702441 2278089 5827436  4206910  6438988  1984855  1855507 5977476  6169875
           32768    2048 1586600 1935492  5991547  6204973 6134077 2178154 5911656  3992207  8171742  1871399  1754170 5875517  5945927
           32768    4096 1589665 1946650  6024640  6255811 6398519 2125997 5862984  3954644  8025723  1875664  1779886 5870247  6060237
           32768    8192 1582836 1936528  6151373  6148897 6110080 2090046 5753760  3701380  7324293  1984368  1866291 6370049  6608974
           32768   16384 1549903 1879229  4906115  4846600 4816706 2052865 4488124  2380356  4543615  2200508  2351803 4390206  4937133
           65536      64 1529216 1902350  5832729  6034666 5926544 1988356 5745798  4619113  5977841  1880190  1908558 5873985  5986172
           65536     128 1560309 1953328  5883037  5939991 5910106 2063279 5783761  4593562  5998190  1909951  1874178 5868718  5974592
           65536     256 1577276 1952787  5575638  5660372 5721758 2063527 5553447  4458843  5767499  1933665  1902179 5584133  5667257
           65536     512 1600315 1981861  5728197  5841033 5939991 2058427 5732617  4175076  5907947  1931342  1928036 5713196  5848241
           65536    1024 1564777 1969169  5954661  6010387 6028446 2112092 5898818  3929925  5879765  1819626  1782516 5925522  5988911
           65536    2048 1616740 2019352  6065293  6131177 6119030 2117559 5993220  4199956  6155341  1728033  1720731 6011965  6061414
           65536    4096 1613712 2364565  6803941  7013657 7034838 2503583 6758937  5025759 10107363  1999507  1971966 6803267  6891967
           65536    8192 1567999 1966211  6003037  6188462 6118622 2092461 5877125  3973555  7679268  1732247  1691777 5819146  6027917
           65536   16384 1486583 2219588  5271535  5334244 5327730 2372524 5010004  2575600  4677116  1805297  1783152 4414092  4789247
          131072      64 1467182 1799452  5836866  6011360 5764222 1914799 5754327  4734384  5778642  1858967  1818223 5904952  6007222
          131072     128 1513204 1881702  7036711  7213241 7120746 2384987 5757581  4463977  5834512  1802000  1845798 5881074  5964015
          131072     256 1540334 1900889  5589914  5652329 5630447 2045505 5533481  4175197  5613602  1884436  1863858 5576589  5623018
          131072     512 1596360 1969379  5747228  5849100 5787097 2053129 5755110  4078797  5835007  1908497  2185874 6524609  6625495
          131072    1024 1554810 1874816  5902859  5972762 5936772 1996949 5882899  4135280  5947497  1741729  1795632 5900705  5918046
          131072    2048 1578915 1958455  5910030  6011623 5975229 2097585 5936195  4106768  5953487  1672903  1693746 5920149  5979779
          131072    4096 1563543 1898827  6020247  6080508 6057461 2070777 5962915  4005133  6019061  1633276  1624128 5966475  6043277
          131072    8192 1582382 1951199  6086432  6087038 6099465 2086400 5959683  4040070  7871781  1626449  1595947 5924424  6068426
          131072   16384 1494292 1815227  5027680  5092556 5099500 2316987 4853978  3101482  5118206  1796712  1306290 4441186  4527690
          262144      64 1472869 1843216  5959871  6008627 5788645 1951011 5793617  4569991  5817281  1851313  1833341 5956610  6018132
          262144     128 1546745 1893774  5935163  5990230 5837883 2017967 5891814  4753025  5917339  1853670  1881810 5868982  5912916
          262144     256 1533966 1915739  5582387  5622035 5571723 2061400 5551216  4313995  5578139  1862067  1885017 5584542  5607355
          262144     512 1581085 1970458  5814697  5847383 5814451 2075467 5810057  4138546  5810180  1878184  1879382 5766967  5825418
          262144    1024 1599706 1956298  5940518  5983775 5957965 2112325 5933017  4154025  5968541  1783352  1786975 5941738  5968800
          262144    2048 1577965 1959910  5985045  6028923 5996241 2090629 5968541  4030071  6661373  1923811  1681282 5971783  5992287
          262144    4096 1582241 1940427  5994606  6040316 5993495 2096333 5974931  3911366  6009580  1598811  1590342 5942284  6014971
          262144    8192 1540754 1894351  5922439  5996797 5967602 2062727 5969092  4052874  5979837  1549524  1560518 5956481  6011222
          262144   16384 1525335 1808639  5041022  5045904 5073331 2335129 4907026  3181320  5055044  1624639  1506930 4397205  4407181
          524288      64 1505920 1857424  5941398  5978664 5759503 1912420   18247  4512105  5686303  1852345  1864837  108221  4804121
          524288     128 1560185 1967243  5843278  5933334 5802527 2002359 5832754  4745115  5813741  1863115  1813825  113050  4801268
          524288     256 1563116 1926267  5598316  5620523 5565867 2045643   62455  4376689  5554550  1833032  2124516  105170  4587627
          524288     512 1224082 1879801  5768886  5810254 5771111 2030115 5770278  4176295  5771353  1871848  1845680 5794836  5804273
          524288    1024 1562711 1907660   114175  4790547 5904213 2042407 5913072  4017935  5910339  1729712  1722658 5928519  5968668
          524288    2048 1556753 1869886  5952608  5981266 5953961 2026656 5940002  4018331  5945317  1638942  1627126 5955316  5973158
          524288    4096 1574273 1929083  5998789  6032955 6014557 2047744 5992757  3975974  5964539  1588895  1589329 5987421  5996042
          524288    8192 1556882 1889176  5976015  6004014 5993508 2071989 5963650  4085468  5982160  1538259  1512250 5949097  5985287
          524288   16384 1494565 1844688  4475437  4494729 4473216 1948380 4420379  2693241  4465105  1453823  1450830 4394444  4413938

iozone test complete.
Excel output is below:

"Writer report"
        "4"  "8"  "16"  "32"  "64"  "128"  "256"  "512"  "1024"  "2048"  "4096"  "8192"  "16384"
"64"   703068  1029254  1124074  1101022  1124074 
"128"   1085013  1152564  1391557  1332828  1504659  1349580 
"256"   1143731  1231629  1312954  1292410  1398455  1649865  1347557 
"512"   1160923  1279935  1286067  1368865  1380303  1497750  1437592  1467055 
"1024"   1210598  1309119  1357961  1398645  1422266  1482144  1494522  1515083  1501313 
"2048"   1250207  1319537  1403628  1403628  1433135  1493952  1399740  1477760  1500476  1513696 
"4096"   1245748  1340731  1401773  1437669  1494446  1500843  1547484  1565249  1572412  1539855  1545118 
"8192"   1222166  1374730  1417550  1491385  1480333  1524943  1527520  1927095  1495670  1565163  1583266  1575426 
"16384"   1285730  1381690  1458708  1488246  1532213  1583149  1511420  1492026  1584683  1252592  1589264  1560075  1545932 
"32768"   0  0  0  0  1479495  1565759  1582763  1560745  1545146  1586600  1589665  1582836  1549903 
"65536"   0  0  0  0  1529216  1560309  1577276  1600315  1564777  1616740  1613712  1567999  1486583 
"131072"   0  0  0  0  1467182  1513204  1540334  1596360  1554810  1578915  1563543  1582382  1494292 
"262144"   0  0  0  0  1472869  1546745  1533966  1581085  1599706  1577965  1582241  1540754  1525335 
"524288"   0  0  0  0  1505920  1560185  1563116  1224082  1562711  1556753  1574273  1556882  1494565 

"Re-writer report"
        "4"  "8"  "16"  "32"  "64"  "128"  "256"  "512"  "1024"  "2048"  "4096"  "8192"  "16384"
"64"   1933893  2203800  2278628  2358717  2467108 
"128"   1997245  2464907  2770150  2727923  3277486  2784517 
"256"   2228578  2413957  2588541  2509882  2285501  3123106  2588541 
"512"   2065273  2368185  2584820  2638816  2796910  2708713  2638816  2681653 
"1024"   2035716  2331932  2579861  2668003  2737730  2813041  2686359  2668003  2681328 
"2048"   2050198  2309242  2602375  2763987  2691246  2763987  2629459  2639154  2599225  2646472 
"4096"   2054318  2377242  2509913  2698349  2716268  2520592  2741407  2377242  2721431  2153727  2675239 
"8192"   1966807  2299724  2526859  2257864  2422291  3004049  3050997  2830803  2513733  2357960  2386953  2153026 
"16384"   1651084  1922341  1954434  1990034  2016250  2036747  1925950  2425524  2051094  1836544  2069501  1941897  1896923 
"32768"   0  0  0  0  1821642  1950130  1915156  1892373  1953484  1935492  1946650  1936528  1879229 
"65536"   0  0  0  0  1902350  1953328  1952787  1981861  1969169  2019352  2364565  1966211  2219588 
"131072"   0  0  0  0  1799452  1881702  1900889  1969379  1874816  1958455  1898827  1951199  1815227 
"262144"   0  0  0  0  1843216  1893774  1915739  1970458  1956298  1959910  1940427  1894351  1808639 
"524288"   0  0  0  0  1857424  1967243  1926267  1879801  1907660  1869886  1929083  1889176  1844688 

"Reader report"
        "4"  "8"  "16"  "32"  "64"  "128"  "256"  "512"  "1024"  "2048"  "4096"  "8192"  "16384"
"64"   4274062  6421025  7100397  7100397  9318832 
"128"   4934216  4759253  9977956  7582312  10779307  8036304 
"256"   5117791  6719046  7314033  7518900  9868433  11695808  7965107 
"512"   5115422  6246213  6999490  7988981  7647578  8394979  7988981  8140399 
"1024"   5096034  6650556  7306780  7811791  8137402  8262639  7631350  8061038  8183918 
"2048"   5071381  6459541  7135648  7882079  8190205  8431376  8067138  8067138  8253158  8325147 
"4096"   5013377  6745653  7050159  7845385  8193352  7555557  5681538  8677553  8829180  6941906  8308260 
"8192"   4385525  5944791  8596799  6978288  6989645  9143564  8856046  8056577  7460092  6506533  7105276  7825383 
"16384"   3851382  4914218  5468332  5730536  6045627  5857536  5514850  6603955  6005474  5525936  6486147  6747917  5741068 
"32768"   0  0  0  0  5768975  5832877  5521231  5769944  5975137  5991547  6024640  6151373  4906115 
"65536"   0  0  0  0  5832729  5883037  5575638  5728197  5954661  6065293  6803941  6003037  5271535 
"131072"   0  0  0  0  5836866  7036711  5589914  5747228  5902859  5910030  6020247  6086432  5027680 
"262144"   0  0  0  0  5959871  5935163  5582387  5814697  5940518  5985045  5994606  5922439  5041022 
"524288"   0  0  0  0  5941398  5843278  5598316  5768886  114175  5952608  5998789  5976015  4475437 

"Re-Reader report"
        "4"  "8"  "16"  "32"  "64"  "128"  "256"  "512"  "1024"  "2048"  "4096"  "8192"  "16384"
"64"   5283570  7100397  7100397  9006179  10821524 
"128"   5325799  6727225  10567140  8036304  11720614  9129573 
"256"   5455847  6761355  7791708  8271916  12228612  12090911  8208677 
"512"   5164632  6736026  7309196  8018812  8265729  8394979  8140399  8394979 
"1024"   5071963  6918376  7208671  7869040  8391792  8326715  8122014  8122014  8262639 
"2048"   5403134  6717153  7286980  7969835  8456277  8456277  7999524  8159088  8292998  8159088 
"4096"   5036894  6638778  7351860  7954358  8409937  8240513  6850558  10089154  10394367  8224733  8292220 
"8192"   5047109  6527546  9893942  7884642  8109821  10582628  9857043  9625100  9547539  8200795  8134781  8273861 
"16384"   4606231  5693031  6409917  6792606  7223891  7008039  6872081  6494116  7498192  6965419  7426879  7543462  5349148 
"32768"   0  0  0  0  6049035  6089505  5825460  6044778  6220419  6204973  6255811  6148897  4846600 
"65536"   0  0  0  0  6034666  5939991  5660372  5841033  6010387  6131177  7013657  6188462  5334244 
"131072"   0  0  0  0  6011360  7213241  5652329  5849100  5972762  6011623  6080508  6087038  5092556 
"262144"   0  0  0  0  6008627  5990230  5622035  5847383  5983775  6028923  6040316  5996797  5045904 
"524288"   0  0  0  0  5978664  5933334  5620523  5810254  4790547  5981266  6032955  6004014  4494729 

"Random read report"
        "4"  "8"  "16"  "32"  "64"  "128"  "256"  "512"  "1024"  "2048"  "4096"  "8192"  "16384"
"64"   3738358  4897948  5735102  5860307  6421025 
"128"   3867787  4135958  9129573  6727225  6727225  7582312 
"256"   4132864  5569035  6554972  7314033  10651598  5687020  7791708 
"512"   4163357  5566231  6491676  7435738  7871843  7988981  7871843  7513788 
"1024"   4079544  5564829  6244448  7420395  8000971  7755368  7883484  8061038  8122014 
"2048"   4112366  5659442  6629029  5852228  7911115  8190205  8067138  8190205  8221561  8325147 
"4096"   4023571  5728903  6628532  7447471  8209013  8256354  6625976  9920205  10245593  7998800  8292220 
"8192"   4011735  5360496  9276873  7585256  8071718  10964221  9882559  10306460  10100441  8242105  8350269  8226319 
"16384"   3904558  5520166  6405137  7410062  7945545  7991746  7930873  8130744  8237961  7938202  7869117  7717122  5897753 
"32768"   0  0  0  0  6483640  6586487  6380103  6519625  6702441  6134077  6398519  6110080  4816706 
"65536"   0  0  0  0  5926544  5910106  5721758  5939991  6028446  6119030  7034838  6118622  5327730 
"131072"   0  0  0  0  5764222  7120746  5630447  5787097  5936772  5975229  6057461  6099465  5099500 
"262144"   0  0  0  0  5788645  5837883  5571723  5814451  5957965  5996241  5993495  5967602  5073331 
"524288"   0  0  0  0  5759503  5802527  5565867  5771111  5904213  5953961  6014557  5993508  4473216 

"Random write report"
        "4"  "8"  "16"  "32"  "64"  "128"  "256"  "512"  "1024"  "2048"  "4096"  "8192"  "16384"
"64"   1879725  2358717  2467108  2662899  2801873 
"128"   2035099  2066432  3277486  2905056  3759450  3199360 
"256"   1778290  2247235  2754556  3017775  3236056  2613746  2719671 
"512"   2014892  2405320  2625909  2894940  3029721  3158966  2979282  3012719 
"1024"   2068064  2443368  2600164  2902385  3001782  3151562  2916180  2966535  2934110 
"2048"   2016035  2316716  2741930  2615051  2994254  3047366  2913021  2875960  2828608  2892423 
"4096"   1999099  2496056  2765680  2938334  3180393  3131694  2175271  3615440  3571100  3013586  3040789 
"8192"   2023803  2467342  3756063  3010630  3020687  3782110  3749505  3797576  3768008  2981113  3038585  2987594 
"16384"   1955379  2416143  2674554  2838028  2961688  3030653  2870391  2907062  2909031  2560070  2914706  2632042  2147027 
"32768"   0  0  0  0  2050170  2220524  2192715  2172817  2278089  2178154  2125997  2090046  2052865 
"65536"   0  0  0  0  1988356  2063279  2063527  2058427  2112092  2117559  2503583  2092461  2372524 
"131072"   0  0  0  0  1914799  2384987  2045505  2053129  1996949  2097585  2070777  2086400  2316987 
"262144"   0  0  0  0  1951011  2017967  2061400  2075467  2112325  2090629  2096333  2062727  2335129 
"524288"   0  0  0  0  1912420  2002359  2045643  2030115  2042407  2026656  2047744  2071989  1948380 

"Backward read report"
        "4"  "8"  "16"  "32"  "64"  "128"  "256"  "512"  "1024"  "2048"  "4096"  "8192"  "16384"
"64"   3022727  4018152  4274062  4274062  4564786 
"128"   3536566  5545860  7176872  5545860  4717434  6406138 
"256"   3197509  5217259  6107548  6554972  9518507  6398720  7120034 
"512"   4061007  5278892  6414119  7115451  7540170  7410080  7334159  7647578 
"1024"   4110780  5564829  6280976  7257394  7811791  7927135  7699755  7755368  7811791 
"2048"   4265523  5492967  6732948  7361923  7523114  8190205  7903836  7969835  8128206  7817519 
"4096"   4222337  5751920  6503078  7529067  8077780  7158858  6430059  9524234  9897345  6254490  7756829 
"8192"   3967268  5085204  5535816  6919267  6628284  9406396  9224572  8342160  6866721  7025373  6532510  6001904 
"16384"   3557865  4508617  5165399  5537068  6058953  5696807  5537068  6407526  6154457  5859534  6085782  5649969  4621721 
"32768"   0  0  0  0  5659462  5821265  5502663  5710726  5827436  5911656  5862984  5753760  4488124 
"65536"   0  0  0  0  5745798  5783761  5553447  5732617  5898818  5993220  6758937  5877125  5010004 
"131072"   0  0  0  0  5754327  5757581  5533481  5755110  5882899  5936195  5962915  5959683  4853978 
"262144"   0  0  0  0  5793617  5891814  5551216  5810057  5933017  5968541  5974931  5969092  4907026 
"524288"   0  0  0  0  18247  5832754  62455  5770278  5913072  5940002  5992757  5963650  4420379 

"Record rewrite report"
        "4"  "8"  "16"  "32"  "64"  "128"  "256"  "512"  "1024"  "2048"  "4096"  "8192"  "16384"
"64"   2467108  3022727  1991276  3057153  2662899 
"128"   2621367  4267461  4407601  3468030  2985839  3199360 
"256"   2639446  3511189  3654598  3994490  4734192  4264168  2903529 
"512"   2768068  3304808  3762197  4228947  4068701  3877684  3510074  2975154 
"1024"   2600164  3556008  3778101  4228138  4142499  4199201  3709575  3495237  3012308 
"2048"   2730599  3500658  3937075  4120256  4284671  4162181  3908414  3624742  3346546  2916978 
"4096"   2682340  3474326  4058742  4280194  4490523  4654774  3421735  5050220  4801789  3436107  3068488 
"8192"   2671039  3535386  3944043  4427912  4471708  5838720  5123115  5053790  4979812  3700243  3537206  3046668 
"16384"   2848380  3645633  4075451  4323120  4746211  4495933  4269933  5041113  4107362  3959451  3676842  3261824  2099727 
"32768"   0  0  0  0  4370799  4611920  4258925  3903760  4206910  3992207  3954644  3701380  2380356 
"65536"   0  0  0  0  4619113  4593562  4458843  4175076  3929925  4199956  5025759  3973555  2575600 
"131072"   0  0  0  0  4734384  4463977  4175197  4078797  4135280  4106768  4005133  4040070  3101482 
"262144"   0  0  0  0  4569991  4753025  4313995  4138546  4154025  4030071  3911366  4052874  3181320 
"524288"   0  0  0  0  4512105  4745115  4376689  4176295  4017935  4018331  3975974  4085468  2693241 

"Stride read report"
        "4"  "8"  "16"  "32"  "64"  "128"  "256"  "512"  "1024"  "2048"  "4096"  "8192"  "16384"
"64"   4274062  5860307  6421025  7100397  7100397 
"128"   3895854  9977956  6406138  6045455  6727225  7582312 
"256"   4132864  5687020  7314033  8271916  11695808  11091721  7791708 
"512"   3913012  5509113  6395018  8562340  8992598  8955098  7540170  7988981 
"1024"   3835457  5479632  6244448  7066349  9142007  9300377  7883484  8000971  8076196 
"2048"   3999400  5006356  6738230  7368238  7874853  9567698  8357547  8059569  8253158  8221561 
"4096"   4007615  5513780  6585338  7572208  8209013  8224733  7076294  9823772  10112910  7983931  7529067 
"8192"   3944043  5599873  6475875  7634130  8071718  10849967  9823226  10343693  10015063  8200795  7585256  6350207 
"16384"   3706790  5551830  6564213  7043957  7787080  7824319  6384903  8253792  8299648  8253792  8135557  6412309  4570388 
"32768"   0  0  0  0  6262937  6442912  6210861  6287003  6438988  8171742  8025723  7324293  4543615 
"65536"   0  0  0  0  5977841  5998190  5767499  5907947  5879765  6155341  10107363  7679268  4677116 
"131072"   0  0  0  0  5778642  5834512  5613602  5835007  5947497  5953487  6019061  7871781  5118206 
"262144"   0  0  0  0  5817281  5917339  5578139  5810180  5968541  6661373  6009580  5979837  5055044 
"524288"   0  0  0  0  5686303  5813741  5554550  5771353  5910339  5945317  5964539  5982160  4465105 

"Fwrite report"
        "4"  "8"  "16"  "32"  "64"  "128"  "256"  "512"  "1024"  "2048"  "4096"  "8192"  "16384"
"64"   1828508  2379626  2358717  2467108  2801873 
"128"   1997245  2727923  2367096  2608629  2409592  3199360 
"256"   1897721  2285501  2582316  2975955  3935921  3052087  2911402 
"512"   1999881  2317080  2597325  2736325  2860238  3196584  2613128  3012719 
"1024"   2000631  2419964  2625597  2546213  2820430  2859868  3133170  2737730  2884840 
"2048"   1963500  2188069  2602375  2639154  2592166  2734075  2778290  3079044  2450202  2914009 
"4096"   1979748  2308872  2584291  2745350  2752387  2694963  2101563  3577048  3404782  2336505  3063563 
"8192"   2017742  2380669  2571296  2649414  2649414  3220277  3323375  3418945  2974404  2552007  2237573  2948876 
"16384"   1987616  2340517  2558069  2486880  2648985  2517583  2304336  3098988  2331939  2186930  2200092  2299863  2138075 
"32768"   0  0  0  0  2028984  2037557  2068312  2043525  1984855  1871399  1875664  1984368  2200508 
"65536"   0  0  0  0  1880190  1909951  1933665  1931342  1819626  1728033  1999507  1732247  1805297 
"131072"   0  0  0  0  1858967  1802000  1884436  1908497  1741729  1672903  1633276  1626449  1796712 
"262144"   0  0  0  0  1851313  1853670  1862067  1878184  1783352  1923811  1598811  1549524  1624639 
"524288"   0  0  0  0  1852345  1863115  1833032  1871848  1729712  1638942  1588895  1538259  1453823 

"Re-Fwrite report"
        "4"  "8"  "16"  "32"  "64"  "128"  "256"  "512"  "1024"  "2048"  "4096"  "8192"  "16384"
"64"   1991276  2278628  3057153  4274062  2772930 
"128"   2004703  2770150  2905056  3657016  3759450  3199360 
"256"   2065659  2486631  2747508  2842047  4197489  5810112  2911402 
"512"   2032051  2337255  2668325  2830083  2958758  2497638  4571003  2975154 
"1024"   2035716  2353657  2561398  2674649  2835325  2952261  3229770  4634161  2985091 
"2048"   1965747  2295665  2608697  2648920  2691246  2759547  3103517  3266376  3899542  2929912 
"4096"   1961663  2327326  2609016  2736168  2756362  2564999  3148338  3630721  3276846  2846797  2998333 
"8192"   1791827  2302344  2212930  2416499  2347328  2976723  2724410  2698308  2467520  2391938  2748162  2576889 
"16384"   1649618  1842305  1928436  1952324  2111080  2007122  1926166  2325626  2044930  1950052  1986467  2434115  2037835 
"32768"   0  0  0  0  1834211  1852781  1899382  1911135  1855507  1754170  1779886  1866291  2351803 
"65536"   0  0  0  0  1908558  1874178  1902179  1928036  1782516  1720731  1971966  1691777  1783152 
"131072"   0  0  0  0  1818223  1845798  1863858  2185874  1795632  1693746  1624128  1595947  1306290 
"262144"   0  0  0  0  1833341  1881810  1885017  1879382  1786975  1681282  1590342  1560518  1506930 
"524288"   0  0  0  0  1864837  1813825  2124516  1845680  1722658  1627126  1589329  1512250  1450830 

"Fread report"
        "4"  "8"  "16"  "32"  "64"  "128"  "256"  "512"  "1024"  "2048"  "4096"  "8192"  "16384"
"64"   4018152  4897948  6421025  6421025  6421025 
"128"   4759253  6727225  6727225  8036304  6727225  7582312 
"256"   4054829  6398720  6936061  7314033  10245071  10651598  7735574 
"512"   4916336  6018636  6999490  7647578  8140399  7988981  8018812  7988981 
"1024"   4762630  6559147  7208671  7644933  8061038  8199542  7986094  8122014  8122014 
"2048"   4911886  6185123  7183386  7286980  7940367  8229438  7698414  7999524  8190205  8261095 
"4096"   4994430  6160296  6978564  7892238  8409937  7326777  9163546  9545402  8748253  6379914  7447471 
"8192"   4399563  5429103  6286308  6450345  6995337  8216483  8259938  7473073  5797345  6350207  6118398  5988306 
"16384"   4007946  4832999  5411065  5643936  5897753  5770960  5582498  5696807  5944691  6070193  5955510  5593404  4544696 
"32768"   0  0  0  0  5804792  5856738  5552908  5749668  5977476  5875517  5870247  6370049  4390206 
"65536"   0  0  0  0  5873985  5868718  5584133  5713196  5925522  6011965  6803267  5819146  4414092 
"131072"   0  0  0  0  5904952  5881074  5576589  6524609  5900705  5920149  5966475  5924424  4441186 
"262144"   0  0  0  0  5956610  5868982  5584542  5766967  5941738  5971783  5942284  5956481  4397205 
"524288"   0  0  0  0  108221  113050  105170  5794836  5928519  5955316  5987421  5949097  4394444 

"Re-Fread report"
        "4"  "8"  "16"  "32"  "64"  "128"  "256"  "512"  "1024"  "2048"  "4096"  "8192"  "16384"
"64"   4564786  5860307  6421025  7100397  7100397 
"128"   4717434  6406138  7176872  10567140  6406138  8036304 
"256"   4734192  6249745  7314033  7735574  11207494  11207494  7965107 
"512"   4927617  5509113  7115451  7871843  8140399  8109658  8018812  8109658 
"1024"   4783849  6519323  7160597  7769397  8122014  8326715  8061038  8122014  7420395 
"2048"   4957240  6629029  7318020  7969835  8325147  8431376  7882079  8097557  8284999  8253158 
"4096"   4729091  6281934  7170810  7921350  8344580  7473388  9966244  9966244  10294709  7683972  8328399 
"8192"   4849778  6340832  7019632  7793434  8022717  10254172  9820419  9673878  7105276  7939297  7236972  7758240 
"16384"   4291264  5636067  6232038  6875519  7067864  6977442  7049738  6493502  7344330  7419662  7160661  6695321  5776782 
"32768"   0  0  0  0  6060237  6005948  5833619  6021473  6169875  5945927  6060237  6608974  4937133 
"65536"   0  0  0  0  5986172  5974592  5667257  5848241  5988911  6061414  6891967  6027917  4789247 
"131072"   0  0  0  0  6007222  5964015  5623018  6625495  5918046  5979779  6043277  6068426  4527690 
"262144"   0  0  0  0  6018132  5912916  5607355  5825418  5968800  5992287  6014971  6011222  4407181 
"524288"   0  0  0  0  4804121  4801268  4587627  5804273  5968668  5973158  5996042  5985287  4413938 
