compute-431-5
	Iozone: Performance Test of File I/O
	        Version $Revision: 3.397 $
		Compiled for 64 bit mode.
		Build: linux-AMD64 

	Contributors:William Norcott, Don Capps, Isom Crawford, Kirby Collins
	             Al Slater, Scott Rhine, Mike Wisner, Ken Goss
	             Steve Landherr, Brad Smith, Mark Kelly, Dr. Alain CYR,
	             Randy Dunlap, Mark Montague, Dan Million, Gavin Brebner,
	             Jean-Marc Zucconi, Jeff Blomberg, Benny Halevy, Dave Boone,
	             Erik Habbinga, Kris Strecker, Walter Wong, Joshua Root,
	             Fabrice Bacchella, Zhenghua Xue, Qin Li, Darren Sawyer.
	             Ben England.

	Run began: Thu Apr 30 22:49:07 2015

	Excel chart generation enabled
	Auto Mode
	Command line used: /opt/iozone/bin/iozone -Ra -b 431_5.xls -f 431_5.tmp
	Output is in Kbytes/sec
	Time Resolution = 0.000001 seconds.
	Processor cache size set to 1024 Kbytes.
	Processor cache line size set to 32 bytes.
	File stride size set to 17 * record size.
                                                            random  random    bkwd   record   stride                                   
              KB  reclen   write rewrite    read    reread    read   write    read  rewrite     read   fwrite frewrite   fread  freread
              64       4  376589 1330167  2662899  4274062 3022727 1599680 1991276  2203800  3541098  1492919  1452528 2689580  3791156
              64       8 1045286 1599680  4018152  5860307 4018152 1768283 2772930  2052169  4897948  1879725  1780008 3541098  4274062
              64      16 1083249 1638743  4564786  5735102 4564786 2067979 3057153  2133730  3738358  1638743  2006158 3541098  4897948
              64      32 1119387 1679761  4274062  6421025 4897948 1933893 3203069  2467108  4564786  1648808  2689580 3791156  5389653
              64      64 1143223 1562436  5735102  6421025 4988978 2006158 3363612  2133730  4018152  2203800  1780008 4018152  4564786
             128       4 1022989 1504659  4104338  3759450 3277486 1684006 2843510  2166499  3199360  1755594  1543594 3445772  3759450
             128       8 1085013 1663139  4267461  5847904 3468030 2098744 2985839  2920861  5545860  1852520  1802755 4267461  4557257
             128      16 1152564 1663139  4934216  4596273 4717434 2175277 3657016  2920861  4557257  2211113  1997245 3785961  5325799
             128      32 1152564 1802755  5122535  6114306 4444086 2098744 3759450  2969325  4135958  2511022  2132084 3759450  5545860
             128      64 1332828 1827299  5603747  5784891 4759253 2420455 3982553  2843510  5122535  2004703  3199360 4717434  4934216
             128     128 1303699 1778862  6114306  6406138 5603747 2058509 3536566  1939522  4759253  2420455  2132084 4557257  5603747
             256       4 1128110 1489641  3705040  4652146 3087188 1814348 2812272  2345409  3245838  1752173  1588832 3756894  3950402
             256       8 1202660 1732384  4929815  5687020 4572895 2170027 3935921  2911402  4572895  2152625  1829808 4672389  5320671
             256      16 1226004 1855098  3994490  4572895 4907284 2205688 4197489  2692393  6073004  2223962  1897721 3935921  5569035
             256      32 1312954 1842366  5320671  6073004 5347168 2486631 3717869  3087188  5810112  2210228  2045979 4117018  5687020
             256      64 1327564 1805197  5569035  5810112 5687020 2509882 3717869  3275543  6073004  2639446  2413957 4264168  5687020
             256     128 1368162 2366082  5938650  7735574 5569035 2943325 4350555  5217259  6073004  2486631  3123106 5217259  6107548
             256     256 1369908 1829808  5810112  5810112 5569035 2463808 4332998  2509882  4840911  2480886  2247235 4734192  5810112
             512       4 1057974 1541840  3941742  4099771 3459188 1741948 3081897  2304647  3158966  1741948  1523247 3604335  3905895
             512       8 1207940 1729323  2975154  5684095 4571003 2114069 4030519  2922519  4099771  2024389  1783912 4131319  5019764
             512      16 1340664 1821745  4784885  4742616 4411377 2394591 4457157  2811557  5067142  2097550  1827947 3941742  4532414
             512      32 1347393 1783912  4660280  5566231 5509113 2497638 3822466  3346002  4784885  2275345  1977778 4163357  5439343
             512      64 1316016 1924603  4973263  5822804 5807059 2600470 4871723  3510074  5968453  2438090  2143612 4375425  5951911
             512     128 1383861 1869318  5331314  6104175 5624545 2449212 4732165  3177664  5115422  2739816  2460437 4827914  5886650
             512     256 1380303 1945526  5278892  5566231 4827914 2535981 4650188  2926501  5453155  2285029  3388236 4882800  5384786
             512     512 1402845 1842059  5886650  5951911 5822804 2486072 4701087  2474613  4927617  2402629  2198475 4660280  5886650
            1024       4 1154621 2198257  4920874  5751117 5336651 2884840 4162573  4249053  5226256  2547723  1921852 4300102  4810640
            1024       8 1267398 1718120  4674510  5536137 4594502 2182617 3894582  3436508  4715569  2019445  2573677 6016997  7020149
            1024      16 1319577 2565989  5444898  7811791 6963241 3304314 4741598  3984917  5472650  2744728  2064088 4972145  6327241
            1024      32 1376236 1917562  4470172  6059442 5417427 2553783 4826859  3532609  5564829  2230218  1872419 5601115  8183918
            1024      64 2069060 1899750  5983467  8457895 8000971 3291652 5042191  4715569  8061038  2916180  2370545 5169641  7066349
            1024     128 2106609 1899750  4995276  6059442 5593820 2586074 4594502  3422814  6137371  2414523  2089189 4634161  5950309
            1024     256 2047361 2625597  7066349 10354166 8000971 3281592 5277632  4029784  7101400  3324778  2813041 5200941  6692005
            1024     512 1391395 1889720  8326715 10662628 7883484 4379019 5751117  4215688  6093831  2918161  3821805 5451810  7257394
            1024    1024 1414304 1942715 10557785 1076957310134284 4531485 6402699  4095102  5720477  3461434  2730767 5720477  7066349
            2048       4 1179643 2226060  5611381  7419150 5416763 2639154 3771144  3136379  4154130  2223755  1631886 4886737  5596757
            2048       8 1301938 2659582  6420913  9140117 6675393 3357009 5238385  5172149  5884299  2737561  2128958 5044577  6261772
            2048      16 1347270 2354177  4807425  6020395 5119743 2547576 4376355  3757946  5068389  2311728  1943069 6717153  8903279
            2048      32 2122121 2174223  5521212  6563185 6359119 2925920 4957240  4088876  6321679  2605532  2140097 5611381  6802261
            2048      64 1414491 2820250  5420181  7609754 5659442 2612664 5389574  4971585  7969835  3145567  2221454 5884299  6670210
            2048     128 1425288 2361944  5769681  7969835 7393606 3379461 4994712  3899542  7135648  2467800  2115848 5433896  6696208
            2048     256 1425288 1924783  6962145  9990553 9015410 4462754 5095447  3871422  7013303  2741055  2280429 6649556  7477273
            2048     512 1448358 2151353  7082696  9101380 8820994 3938881 4684211  3121562  5549749  2645657  2673655 6189580  9101380
            2048    1024 1438174 1911931  5785224 1050363710607402 4562305 6483920  3814687  6711905  2767549  3644736 5349298  7318020
            2048    2048 1439137 2727131  5916724  5937172 5920802 2572756 4820915  2543804  5735012  3292669  2639154 5685664  7189398
            4096       4 1517012 1559848  3901141  4196552 3407483 1770061 3660115  3063563  3927001  2060231  1581385 3813675  7683972
            4096       8 1324298 2441083  5375755  6449370 5306022 2494606 4526013  3950479  5258919  2393804  1997936 6872481  8013724
            4096      16 1371777 2103621  4946971  6112079 5482110 2544108 5137819  4325455  5944991  2639075  2000030 6459069  7444244
            4096      32 2165946 2165946  5013377  6351609 6068897 2705573 5105753  3908241  5953231  2336823  2341919 6142675  7572208
            4096      64 1424201 2940345  5696610  7599002 7249484 2723588 6500617  4718699  6905631  2811391  2134461 7486415  7742845
            4096     128 1437669 2553941  6459069  9081201 8730470 3908241 5382492  4613524  6872481  2749304  2224851 5360658  6836927
            4096     256 1448335 2174995  5382492  6649056 6605595 2935823 5944991  4718699  8209013  3022599  2558505 5587302  7001316
            4096     512 1434667 2084478  6086096  7015611 7001316 3049966 5483860  3717133  6522830  2640698  2378558 5312585  5689064
            4096    1024 1967504 2344796  6216019  7568872 7486415 3237937 5133213  3300136  9144037  3839243  2597184 6815229  8409937
            4096    2048 1447846 2298677  5859825  6595451 6625976 2903080 5001700  2880206  7123239  2786313  3128843 5681538  7489679
            4096    4096 1843372 2424889  5649775  5721272 5674032 4315676 5601877  2465960  5649775  3153539  2617364 5139356  6007355
            8192       4 1205063 1982124  4154339  4331893 3142235 1700656 3719872  2884511  3639492  1817225  1729330 3822928  4131362
            8192       8 1309850 1910912  6912307  7249187 6325656 2824752 5075439  4268923  5517150  2413783  2090414 4992112  5133064
            8192      16 1369906 2458515  4920620  5361332 5010310 2255492 5050818  4120956  5588034  2199191  1848808 5449769  5992483
            8192      32 1407793 2503659  5364680  9660279 9547539 4154339 4604748  3591558  5152307  2127168  1881920 5142283  5113204
            8192      64 1441275 2112910  6537482  7334293 7735533 3372633 6000856  5001558  7354701  2817109  2615532 5665431  5974769
            8192     128 1709201 2025234  5558204  6395120 6542461 3007204 5181834  3718664  5517150  2127827  1921169 5400941  5565406
            8192     256 1728982 2427254  5572627  6496691 6748045 3009575 5330557  4284360  6698058  2577082  2405839 5016894  5607184
            8192     512 1468879 2652891  4995741  5372229 5490700 3047479 5483690  3822503  6122759  2318032  2030260 5497729  5330557
            8192    1024 1470513 2075389  5139206  5374750 5732541 3000639 5577150  4001923  9739691  3132781  2072884 4646469  4926264
            8192    2048 1473161 2595576  5309142  5703991 5785631 2589122 5224380  3552567  5505657  2238301  2015729 4625826  4841578
            8192    4096 1474489 2137756  6224809  6623173 5801260 2562284 4926264  2995146  5785631  2340453  2811347 4638941  4855947
            8192    8192 1403939 1911337  5801260  4779617 5855636 3160444 4995015  2523703  4620228  2202715  2051596 4648984  4339005
           16384       4 1517998 1948393  3770035  3772519 3943320 2481671 2724389  2617206  5231064  2286624  1528498 4372634  5935961
           16384       8 1329536 1878053  5022690  4825871 5089650 2842019 4413920  3397781  3987481  1845868  1762860 4669138  4571604
           16384      16 1513684 1921642  4816063  5129541 7189127 3040845 4261195  6417699  7062054  3035740  2180476 4698830  4460622
           16384      32 1642364 2376536  4877594  4702688 6321470 3221305 4743590  6892759  7717122  3096614  2323031 4905448  4582885
           16384      64 1724981 1847158  5400009  7116907 7760698 3355311 4743590  4376254  7805655  3184582  1984001 4813027  4647979
           16384     128 1712216 2129990  4992041  4434142 4747523 2983806 3632913  6948516  5754529  2851926  1924602 4288051  4986246
           16384     256 1549732 2933494  5061534  4807640 4954252 3540086 5061534  3587396  7602716  3220097  1949776 5070872  4786543
           16384     512 1554007 2461492  5191153  5354150 5211229 2314191 5464853  6117748  7739720  3253330  2804097 4772581  4779552
           16384    1024 1540560 2681023  5364599  7099261 7490836 3600931 5197828  6052550  8738704  2371370  1781460 5897753  5880593
           16384    2048 1545341 2341633  4966067  4918439 5561265 3548678 4814713  5903833  8760986  2164338  1752296 5290262  5546453
           16384    4096 1518467 1949278  5116937  6139062 6692713 3373263 5131457  3024517  5572539  1897866  1838411 4645466  5180196
           16384    8192 1414714 1858397  4563711  5380982 5157259 2896280 4261195  2478627  4387991  2769851  2605991 3890852  4493582
           16384   16384 1377618 2438434  4365689  4452241 4429283 2659751 3591521  2673201  3608873  1933482  2443984 4023669  3629650
           32768      64 2448111 2653066  4890055  6426343 7291653 3173024 5055169  7197337  7327417  2958424  2312665 5087353  5614839
           32768     128 1722728 2352528  4824483  6116878 6901345 3257556 4886404  7000117  6951259  2986257  2278429 5283308  6896843
           32768     256 1715246 2369849  4610064  6359144 6618522 3330093 4738652  6531398  6658604  2952323  2019592 4801896  4894409
           32768     512 1890707 2568049  6052231  6522409 6630336 3328399 5435204  6042386  6764791  2954481  2622289 5639028  6533882
           32768    1024 1881055 2149001  4702657  6513445 6676394 3312276 4675143  6113613  5726669  2272551  1968170 5001270  4652512
           32768    2048 1796498 2317891  4794191  6736937 6696889 3328077 4845746  6032308 10239974  2209565  1987869 4857391  6461996
           32768    4096 1811486 2754960  4891447  5379677 6449261 3248241 4523576  5459601  8354542  2175086  1819135 4638693  6363855
           32768    8192 1655356 1983652  4632127  4936423 4845916 2684574 3777268  3161710  4455243  2381429  2250706 4234649  4828721
           32768   16384 1722728 2122681  4021527  4437693 4419286 2638145 3559045  2860105  4198300  2791386  2647751 3615501  4407240
           65536      64 2147302 2707975  6398788  7373372 7167087 3227865 4770048  7342843  7113485  2945673  2545476 6805962  7344608
           65536     128 2114204 2626494  6176225  6979288 6878171 3304225 5015031  7158315  6847330  2962212  2787700 5809430  6954215
           65536     256 2016182 2723969  5311259  6515113 6462423 3291446 5161948  6581883  6504784  2915152  2804166 5860835  6500938
           65536     512 2035653 2643315  5625388  6577945 6576529 3367371 4888995  6190134  6603069  2942551  2748756 5836816  6540537
           65536    1024 2000366 2719091  5844635  6639914 6605132 3361853 5749284  6181364  6661477  2312331  2220664 5842026  6587877
           65536    2048 2200153 2890506  5135235  6688709 6654703 3365145 5052456  6023558  6672311  2096147  1951761 5497469  6589140
           65536    4096 1913128 2619860  5459146  6526096 6413868 3296419 5460882  5596640  7480524  2047037  1898933 5285523  6375635
           65536    8192 1757893 2216153  4339254  4614615 4570116 2628805 4465507  3126141  4609353  2079638  1989680 4358588  4756265
           65536   16384 1807493 2210983  4397778  4404896 4398412 2629107 4067817  2950194  3769643  2393827  2273977 4036457  4398975
          131072      64 2187126 2739863  6256766  7425339 7195021 3224245 6168381  7393085  7178017  2983720  2740150 7191539  7393483
          131072     128 2272358 2824274  6039029  7061295 6946465 3353686 6146725  7153360  6929129  2972073  2758201 6717544  7006935
          131072     256 2315513 2817053  5968159  6565047 6509390 3308716 5661818  6535313  6515485  2891826  2716066 5868769  6552293
          131072     512 2350983 2837554  5935169  6610120 6571404 3387056 6012741  6180586  6569362  2929237  2778652 5918556  6590547
          131072    1024 2301651 2946033  6062805  6653077 6631489 3356000 5855579  6147000  6624218  2305415  2157776 4877794  5068891
          131072    2048 2151620 2724020  6104883  6425698 6379172 3268954 5712709  6050461  6243265  2207679  2221560 5792768  6376656
          131072    4096 2155678 2303029  4431841  4703639 4644470 2712354 4351199  5513945  4620076  1737293  1700225 4358167  4616002
          131072    8192 1980625 2372768  4738342  4674444 4763138 2705081 4694081  3202178  4659350  1972700  1901191 4435453  4765368
          131072   16384 1948653 2370712  4391167  4405631 4397525 2657098 4251035  3005825  4389099  2158624  2092531 4273339  4397068
          262144      64 2339402 2881940  6318531  6437240 7154980 3224716 6879867  7427636  7119399  2938834  2539071 5548358  5677922
          262144     128 2278757 2892714  6426705  6710607 6563119 3261147 6334913  6951551  6582569  2883678  2832575 6324964  6695039
          262144     256 2340218 2861613  4684417  4774842 4737664 2816633 4577811  6530880  4744861  2497517  2462281 4691854  4762949
          262144     512 2427999 2573017  4915121  5047641 5029907 2901975 6298045  6022549  6333198  2949651  2902427 6131602  6367048
          262144    1024 2403184 2588920  4985909  5083769 5061070 2926001 4878180  5904153  5058928  2257896  2241103 6544914  6648845
          262144    2048 2482472 2601231  4998375  5119012 5103733 2862463 4951911  5837759  5090383  2127032  2080923 4926021  5090666
          262144    4096 2312372 2572379  4890395  5046297 4998079 2851897 4833213  5380062  4892310  2068980  2045603 4960893  4903284
          262144    8192 2062421 2018745  4892833  4945741 4923638 2912522 4811850  3455629  4895120  2087481  2055450 4733381  4870573
          262144   16384 1988576 2335481  4459212  4475730 4479249 2653576 4387117  2978739  4418108  1924784  1837686 4465678  4477571
          524288      64 2429745 2888177  7059514  7324808 7081041 3215290 6662620  7450027  7078375  2924700  2878299 7162690  7310927
          524288     128 2425786 2955482  6639346  6966632 6796237 3310337 6716219  7321857  6826216  2904949  2892497 6503276  6953965
          524288     256 2453440 2951559    80923  5307947 6478694 3357616 6238031  6623986  6478771  2908653  2854559   44361  4155177
          524288     512 2438093 2957167  6313375  6581816 6522624 3350985 6243237  6249341  6544267  2944035  2931273 6362715  6340480
          524288    1024 2473906 2993245  6337794  6620636 6602130 3377252   63280  6196302  4914679  2038881  2010991 4893669  4948354
          524288    2048 2480593 2994032  6586686  6699053 6678829 3373165 6489037  6126849  6677389  2040999  2012165 6626162  6681792
          524288    4096 2495196 2916001  4978468  5064413 5060940 2865334 4897418  5487053  5042349  2058324  1995122 6131735  6440875
          524288    8192 2076280 2391868  4544687  4684775 4665067 2666433 3940740  3135997  4124193  1914626  1893473  111581  3229133
          524288   16384 2057589 2447231  3710593  4399420 4394664 2643594 3636264  2809812  3695919  1767154  1731158  110181  3784543

iozone test complete.
Excel output is below:

"Writer report"
        "4"  "8"  "16"  "32"  "64"  "128"  "256"  "512"  "1024"  "2048"  "4096"  "8192"  "16384"
"64"   376589  1045286  1083249  1119387  1143223 
"128"   1022989  1085013  1152564  1152564  1332828  1303699 
"256"   1128110  1202660  1226004  1312954  1327564  1368162  1369908 
"512"   1057974  1207940  1340664  1347393  1316016  1383861  1380303  1402845 
"1024"   1154621  1267398  1319577  1376236  2069060  2106609  2047361  1391395  1414304 
"2048"   1179643  1301938  1347270  2122121  1414491  1425288  1425288  1448358  1438174  1439137 
"4096"   1517012  1324298  1371777  2165946  1424201  1437669  1448335  1434667  1967504  1447846  1843372 
"8192"   1205063  1309850  1369906  1407793  1441275  1709201  1728982  1468879  1470513  1473161  1474489  1403939 
"16384"   1517998  1329536  1513684  1642364  1724981  1712216  1549732  1554007  1540560  1545341  1518467  1414714  1377618 
"32768"   0  0  0  0  2448111  1722728  1715246  1890707  1881055  1796498  1811486  1655356  1722728 
"65536"   0  0  0  0  2147302  2114204  2016182  2035653  2000366  2200153  1913128  1757893  1807493 
"131072"   0  0  0  0  2187126  2272358  2315513  2350983  2301651  2151620  2155678  1980625  1948653 
"262144"   0  0  0  0  2339402  2278757  2340218  2427999  2403184  2482472  2312372  2062421  1988576 
"524288"   0  0  0  0  2429745  2425786  2453440  2438093  2473906  2480593  2495196  2076280  2057589 

"Re-writer report"
        "4"  "8"  "16"  "32"  "64"  "128"  "256"  "512"  "1024"  "2048"  "4096"  "8192"  "16384"
"64"   1330167  1599680  1638743  1679761  1562436 
"128"   1504659  1663139  1663139  1802755  1827299  1778862 
"256"   1489641  1732384  1855098  1842366  1805197  2366082  1829808 
"512"   1541840  1729323  1821745  1783912  1924603  1869318  1945526  1842059 
"1024"   2198257  1718120  2565989  1917562  1899750  1899750  2625597  1889720  1942715 
"2048"   2226060  2659582  2354177  2174223  2820250  2361944  1924783  2151353  1911931  2727131 
"4096"   1559848  2441083  2103621  2165946  2940345  2553941  2174995  2084478  2344796  2298677  2424889 
"8192"   1982124  1910912  2458515  2503659  2112910  2025234  2427254  2652891  2075389  2595576  2137756  1911337 
"16384"   1948393  1878053  1921642  2376536  1847158  2129990  2933494  2461492  2681023  2341633  1949278  1858397  2438434 
"32768"   0  0  0  0  2653066  2352528  2369849  2568049  2149001  2317891  2754960  1983652  2122681 
"65536"   0  0  0  0  2707975  2626494  2723969  2643315  2719091  2890506  2619860  2216153  2210983 
"131072"   0  0  0  0  2739863  2824274  2817053  2837554  2946033  2724020  2303029  2372768  2370712 
"262144"   0  0  0  0  2881940  2892714  2861613  2573017  2588920  2601231  2572379  2018745  2335481 
"524288"   0  0  0  0  2888177  2955482  2951559  2957167  2993245  2994032  2916001  2391868  2447231 

"Reader report"
        "4"  "8"  "16"  "32"  "64"  "128"  "256"  "512"  "1024"  "2048"  "4096"  "8192"  "16384"
"64"   2662899  4018152  4564786  4274062  5735102 
"128"   4104338  4267461  4934216  5122535  5603747  6114306 
"256"   3705040  4929815  3994490  5320671  5569035  5938650  5810112 
"512"   3941742  2975154  4784885  4660280  4973263  5331314  5278892  5886650 
"1024"   4920874  4674510  5444898  4470172  5983467  4995276  7066349  8326715  10557785 
"2048"   5611381  6420913  4807425  5521212  5420181  5769681  6962145  7082696  5785224  5916724 
"4096"   3901141  5375755  4946971  5013377  5696610  6459069  5382492  6086096  6216019  5859825  5649775 
"8192"   4154339  6912307  4920620  5364680  6537482  5558204  5572627  4995741  5139206  5309142  6224809  5801260 
"16384"   3770035  5022690  4816063  4877594  5400009  4992041  5061534  5191153  5364599  4966067  5116937  4563711  4365689 
"32768"   0  0  0  0  4890055  4824483  4610064  6052231  4702657  4794191  4891447  4632127  4021527 
"65536"   0  0  0  0  6398788  6176225  5311259  5625388  5844635  5135235  5459146  4339254  4397778 
"131072"   0  0  0  0  6256766  6039029  5968159  5935169  6062805  6104883  4431841  4738342  4391167 
"262144"   0  0  0  0  6318531  6426705  4684417  4915121  4985909  4998375  4890395  4892833  4459212 
"524288"   0  0  0  0  7059514  6639346  80923  6313375  6337794  6586686  4978468  4544687  3710593 

"Re-Reader report"
        "4"  "8"  "16"  "32"  "64"  "128"  "256"  "512"  "1024"  "2048"  "4096"  "8192"  "16384"
"64"   4274062  5860307  5735102  6421025  6421025 
"128"   3759450  5847904  4596273  6114306  5784891  6406138 
"256"   4652146  5687020  4572895  6073004  5810112  7735574  5810112 
"512"   4099771  5684095  4742616  5566231  5822804  6104175  5566231  5951911 
"1024"   5751117  5536137  7811791  6059442  8457895  6059442  10354166  10662628  10769573 
"2048"   7419150  9140117  6020395  6563185  7609754  7969835  9990553  9101380  10503637  5937172 
"4096"   4196552  6449370  6112079  6351609  7599002  9081201  6649056  7015611  7568872  6595451  5721272 
"8192"   4331893  7249187  5361332  9660279  7334293  6395120  6496691  5372229  5374750  5703991  6623173  4779617 
"16384"   3772519  4825871  5129541  4702688  7116907  4434142  4807640  5354150  7099261  4918439  6139062  5380982  4452241 
"32768"   0  0  0  0  6426343  6116878  6359144  6522409  6513445  6736937  5379677  4936423  4437693 
"65536"   0  0  0  0  7373372  6979288  6515113  6577945  6639914  6688709  6526096  4614615  4404896 
"131072"   0  0  0  0  7425339  7061295  6565047  6610120  6653077  6425698  4703639  4674444  4405631 
"262144"   0  0  0  0  6437240  6710607  4774842  5047641  5083769  5119012  5046297  4945741  4475730 
"524288"   0  0  0  0  7324808  6966632  5307947  6581816  6620636  6699053  5064413  4684775  4399420 

"Random read report"
        "4"  "8"  "16"  "32"  "64"  "128"  "256"  "512"  "1024"  "2048"  "4096"  "8192"  "16384"
"64"   3022727  4018152  4564786  4897948  4988978 
"128"   3277486  3468030  4717434  4444086  4759253  5603747 
"256"   3087188  4572895  4907284  5347168  5687020  5569035  5569035 
"512"   3459188  4571003  4411377  5509113  5807059  5624545  4827914  5822804 
"1024"   5336651  4594502  6963241  5417427  8000971  5593820  8000971  7883484  10134284 
"2048"   5416763  6675393  5119743  6359119  5659442  7393606  9015410  8820994  10607402  5920802 
"4096"   3407483  5306022  5482110  6068897  7249484  8730470  6605595  7001316  7486415  6625976  5674032 
"8192"   3142235  6325656  5010310  9547539  7735533  6542461  6748045  5490700  5732541  5785631  5801260  5855636 
"16384"   3943320  5089650  7189127  6321470  7760698  4747523  4954252  5211229  7490836  5561265  6692713  5157259  4429283 
"32768"   0  0  0  0  7291653  6901345  6618522  6630336  6676394  6696889  6449261  4845916  4419286 
"65536"   0  0  0  0  7167087  6878171  6462423  6576529  6605132  6654703  6413868  4570116  4398412 
"131072"   0  0  0  0  7195021  6946465  6509390  6571404  6631489  6379172  4644470  4763138  4397525 
"262144"   0  0  0  0  7154980  6563119  4737664  5029907  5061070  5103733  4998079  4923638  4479249 
"524288"   0  0  0  0  7081041  6796237  6478694  6522624  6602130  6678829  5060940  4665067  4394664 

"Random write report"
        "4"  "8"  "16"  "32"  "64"  "128"  "256"  "512"  "1024"  "2048"  "4096"  "8192"  "16384"
"64"   1599680  1768283  2067979  1933893  2006158 
"128"   1684006  2098744  2175277  2098744  2420455  2058509 
"256"   1814348  2170027  2205688  2486631  2509882  2943325  2463808 
"512"   1741948  2114069  2394591  2497638  2600470  2449212  2535981  2486072 
"1024"   2884840  2182617  3304314  2553783  3291652  2586074  3281592  4379019  4531485 
"2048"   2639154  3357009  2547576  2925920  2612664  3379461  4462754  3938881  4562305  2572756 
"4096"   1770061  2494606  2544108  2705573  2723588  3908241  2935823  3049966  3237937  2903080  4315676 
"8192"   1700656  2824752  2255492  4154339  3372633  3007204  3009575  3047479  3000639  2589122  2562284  3160444 
"16384"   2481671  2842019  3040845  3221305  3355311  2983806  3540086  2314191  3600931  3548678  3373263  2896280  2659751 
"32768"   0  0  0  0  3173024  3257556  3330093  3328399  3312276  3328077  3248241  2684574  2638145 
"65536"   0  0  0  0  3227865  3304225  3291446  3367371  3361853  3365145  3296419  2628805  2629107 
"131072"   0  0  0  0  3224245  3353686  3308716  3387056  3356000  3268954  2712354  2705081  2657098 
"262144"   0  0  0  0  3224716  3261147  2816633  2901975  2926001  2862463  2851897  2912522  2653576 
"524288"   0  0  0  0  3215290  3310337  3357616  3350985  3377252  3373165  2865334  2666433  2643594 

"Backward read report"
        "4"  "8"  "16"  "32"  "64"  "128"  "256"  "512"  "1024"  "2048"  "4096"  "8192"  "16384"
"64"   1991276  2772930  3057153  3203069  3363612 
"128"   2843510  2985839  3657016  3759450  3982553  3536566 
"256"   2812272  3935921  4197489  3717869  3717869  4350555  4332998 
"512"   3081897  4030519  4457157  3822466  4871723  4732165  4650188  4701087 
"1024"   4162573  3894582  4741598  4826859  5042191  4594502  5277632  5751117  6402699 
"2048"   3771144  5238385  4376355  4957240  5389574  4994712  5095447  4684211  6483920  4820915 
"4096"   3660115  4526013  5137819  5105753  6500617  5382492  5944991  5483860  5133213  5001700  5601877 
"8192"   3719872  5075439  5050818  4604748  6000856  5181834  5330557  5483690  5577150  5224380  4926264  4995015 
"16384"   2724389  4413920  4261195  4743590  4743590  3632913  5061534  5464853  5197828  4814713  5131457  4261195  3591521 
"32768"   0  0  0  0  5055169  4886404  4738652  5435204  4675143  4845746  4523576  3777268  3559045 
"65536"   0  0  0  0  4770048  5015031  5161948  4888995  5749284  5052456  5460882  4465507  4067817 
"131072"   0  0  0  0  6168381  6146725  5661818  6012741  5855579  5712709  4351199  4694081  4251035 
"262144"   0  0  0  0  6879867  6334913  4577811  6298045  4878180  4951911  4833213  4811850  4387117 
"524288"   0  0  0  0  6662620  6716219  6238031  6243237  63280  6489037  4897418  3940740  3636264 

"Record rewrite report"
        "4"  "8"  "16"  "32"  "64"  "128"  "256"  "512"  "1024"  "2048"  "4096"  "8192"  "16384"
"64"   2203800  2052169  2133730  2467108  2133730 
"128"   2166499  2920861  2920861  2969325  2843510  1939522 
"256"   2345409  2911402  2692393  3087188  3275543  5217259  2509882 
"512"   2304647  2922519  2811557  3346002  3510074  3177664  2926501  2474613 
"1024"   4249053  3436508  3984917  3532609  4715569  3422814  4029784  4215688  4095102 
"2048"   3136379  5172149  3757946  4088876  4971585  3899542  3871422  3121562  3814687  2543804 
"4096"   3063563  3950479  4325455  3908241  4718699  4613524  4718699  3717133  3300136  2880206  2465960 
"8192"   2884511  4268923  4120956  3591558  5001558  3718664  4284360  3822503  4001923  3552567  2995146  2523703 
"16384"   2617206  3397781  6417699  6892759  4376254  6948516  3587396  6117748  6052550  5903833  3024517  2478627  2673201 
"32768"   0  0  0  0  7197337  7000117  6531398  6042386  6113613  6032308  5459601  3161710  2860105 
"65536"   0  0  0  0  7342843  7158315  6581883  6190134  6181364  6023558  5596640  3126141  2950194 
"131072"   0  0  0  0  7393085  7153360  6535313  6180586  6147000  6050461  5513945  3202178  3005825 
"262144"   0  0  0  0  7427636  6951551  6530880  6022549  5904153  5837759  5380062  3455629  2978739 
"524288"   0  0  0  0  7450027  7321857  6623986  6249341  6196302  6126849  5487053  3135997  2809812 

"Stride read report"
        "4"  "8"  "16"  "32"  "64"  "128"  "256"  "512"  "1024"  "2048"  "4096"  "8192"  "16384"
"64"   3541098  4897948  3738358  4564786  4018152 
"128"   3199360  5545860  4557257  4135958  5122535  4759253 
"256"   3245838  4572895  6073004  5810112  6073004  6073004  4840911 
"512"   3158966  4099771  5067142  4784885  5968453  5115422  5453155  4927617 
"1024"   5226256  4715569  5472650  5564829  8061038  6137371  7101400  6093831  5720477 
"2048"   4154130  5884299  5068389  6321679  7969835  7135648  7013303  5549749  6711905  5735012 
"4096"   3927001  5258919  5944991  5953231  6905631  6872481  8209013  6522830  9144037  7123239  5649775 
"8192"   3639492  5517150  5588034  5152307  7354701  5517150  6698058  6122759  9739691  5505657  5785631  4620228 
"16384"   5231064  3987481  7062054  7717122  7805655  5754529  7602716  7739720  8738704  8760986  5572539  4387991  3608873 
"32768"   0  0  0  0  7327417  6951259  6658604  6764791  5726669  10239974  8354542  4455243  4198300 
"65536"   0  0  0  0  7113485  6847330  6504784  6603069  6661477  6672311  7480524  4609353  3769643 
"131072"   0  0  0  0  7178017  6929129  6515485  6569362  6624218  6243265  4620076  4659350  4389099 
"262144"   0  0  0  0  7119399  6582569  4744861  6333198  5058928  5090383  4892310  4895120  4418108 
"524288"   0  0  0  0  7078375  6826216  6478771  6544267  4914679  6677389  5042349  4124193  3695919 

"Fwrite report"
        "4"  "8"  "16"  "32"  "64"  "128"  "256"  "512"  "1024"  "2048"  "4096"  "8192"  "16384"
"64"   1492919  1879725  1638743  1648808  2203800 
"128"   1755594  1852520  2211113  2511022  2004703  2420455 
"256"   1752173  2152625  2223962  2210228  2639446  2486631  2480886 
"512"   1741948  2024389  2097550  2275345  2438090  2739816  2285029  2402629 
"1024"   2547723  2019445  2744728  2230218  2916180  2414523  3324778  2918161  3461434 
"2048"   2223755  2737561  2311728  2605532  3145567  2467800  2741055  2645657  2767549  3292669 
"4096"   2060231  2393804  2639075  2336823  2811391  2749304  3022599  2640698  3839243  2786313  3153539 
"8192"   1817225  2413783  2199191  2127168  2817109  2127827  2577082  2318032  3132781  2238301  2340453  2202715 
"16384"   2286624  1845868  3035740  3096614  3184582  2851926  3220097  3253330  2371370  2164338  1897866  2769851  1933482 
"32768"   0  0  0  0  2958424  2986257  2952323  2954481  2272551  2209565  2175086  2381429  2791386 
"65536"   0  0  0  0  2945673  2962212  2915152  2942551  2312331  2096147  2047037  2079638  2393827 
"131072"   0  0  0  0  2983720  2972073  2891826  2929237  2305415  2207679  1737293  1972700  2158624 
"262144"   0  0  0  0  2938834  2883678  2497517  2949651  2257896  2127032  2068980  2087481  1924784 
"524288"   0  0  0  0  2924700  2904949  2908653  2944035  2038881  2040999  2058324  1914626  1767154 

"Re-Fwrite report"
        "4"  "8"  "16"  "32"  "64"  "128"  "256"  "512"  "1024"  "2048"  "4096"  "8192"  "16384"
"64"   1452528  1780008  2006158  2689580  1780008 
"128"   1543594  1802755  1997245  2132084  3199360  2132084 
"256"   1588832  1829808  1897721  2045979  2413957  3123106  2247235 
"512"   1523247  1783912  1827947  1977778  2143612  2460437  3388236  2198475 
"1024"   1921852  2573677  2064088  1872419  2370545  2089189  2813041  3821805  2730767 
"2048"   1631886  2128958  1943069  2140097  2221454  2115848  2280429  2673655  3644736  2639154 
"4096"   1581385  1997936  2000030  2341919  2134461  2224851  2558505  2378558  2597184  3128843  2617364 
"8192"   1729330  2090414  1848808  1881920  2615532  1921169  2405839  2030260  2072884  2015729  2811347  2051596 
"16384"   1528498  1762860  2180476  2323031  1984001  1924602  1949776  2804097  1781460  1752296  1838411  2605991  2443984 
"32768"   0  0  0  0  2312665  2278429  2019592  2622289  1968170  1987869  1819135  2250706  2647751 
"65536"   0  0  0  0  2545476  2787700  2804166  2748756  2220664  1951761  1898933  1989680  2273977 
"131072"   0  0  0  0  2740150  2758201  2716066  2778652  2157776  2221560  1700225  1901191  2092531 
"262144"   0  0  0  0  2539071  2832575  2462281  2902427  2241103  2080923  2045603  2055450  1837686 
"524288"   0  0  0  0  2878299  2892497  2854559  2931273  2010991  2012165  1995122  1893473  1731158 

"Fread report"
        "4"  "8"  "16"  "32"  "64"  "128"  "256"  "512"  "1024"  "2048"  "4096"  "8192"  "16384"
"64"   2689580  3541098  3541098  3791156  4018152 
"128"   3445772  4267461  3785961  3759450  4717434  4557257 
"256"   3756894  4672389  3935921  4117018  4264168  5217259  4734192 
"512"   3604335  4131319  3941742  4163357  4375425  4827914  4882800  4660280 
"1024"   4300102  6016997  4972145  5601115  5169641  4634161  5200941  5451810  5720477 
"2048"   4886737  5044577  6717153  5611381  5884299  5433896  6649556  6189580  5349298  5685664 
"4096"   3813675  6872481  6459069  6142675  7486415  5360658  5587302  5312585  6815229  5681538  5139356 
"8192"   3822928  4992112  5449769  5142283  5665431  5400941  5016894  5497729  4646469  4625826  4638941  4648984 
"16384"   4372634  4669138  4698830  4905448  4813027  4288051  5070872  4772581  5897753  5290262  4645466  3890852  4023669 
"32768"   0  0  0  0  5087353  5283308  4801896  5639028  5001270  4857391  4638693  4234649  3615501 
"65536"   0  0  0  0  6805962  5809430  5860835  5836816  5842026  5497469  5285523  4358588  4036457 
"131072"   0  0  0  0  7191539  6717544  5868769  5918556  4877794  5792768  4358167  4435453  4273339 
"262144"   0  0  0  0  5548358  6324964  4691854  6131602  6544914  4926021  4960893  4733381  4465678 
"524288"   0  0  0  0  7162690  6503276  44361  6362715  4893669  6626162  6131735  111581  110181 

"Re-Fread report"
        "4"  "8"  "16"  "32"  "64"  "128"  "256"  "512"  "1024"  "2048"  "4096"  "8192"  "16384"
"64"   3791156  4274062  4897948  5389653  4564786 
"128"   3759450  4557257  5325799  5545860  4934216  5603747 
"256"   3950402  5320671  5569035  5687020  5687020  6107548  5810112 
"512"   3905895  5019764  4532414  5439343  5951911  5886650  5384786  5886650 
"1024"   4810640  7020149  6327241  8183918  7066349  5950309  6692005  7257394  7066349 
"2048"   5596757  6261772  8903279  6802261  6670210  6696208  7477273  9101380  7318020  7189398 
"4096"   7683972  8013724  7444244  7572208  7742845  6836927  7001316  5689064  8409937  7489679  6007355 
"8192"   4131362  5133064  5992483  5113204  5974769  5565406  5607184  5330557  4926264  4841578  4855947  4339005 
"16384"   5935961  4571604  4460622  4582885  4647979  4986246  4786543  4779552  5880593  5546453  5180196  4493582  3629650 
"32768"   0  0  0  0  5614839  6896843  4894409  6533882  4652512  6461996  6363855  4828721  4407240 
"65536"   0  0  0  0  7344608  6954215  6500938  6540537  6587877  6589140  6375635  4756265  4398975 
"131072"   0  0  0  0  7393483  7006935  6552293  6590547  5068891  6376656  4616002  4765368  4397068 
"262144"   0  0  0  0  5677922  6695039  4762949  6367048  6648845  5090666  4903284  4870573  4477571 
"524288"   0  0  0  0  7310927  6953965  4155177  6340480  4948354  6681792  6440875  3229133  3784543 

