	Iozone: Performance Test of File I/O
	        Version $Revision: 3.397 $
		Compiled for 64 bit mode.
		Build: linux-AMD64 

	Contributors:William Norcott, Don Capps, Isom Crawford, Kirby Collins
	             Al Slater, Scott Rhine, Mike Wisner, Ken Goss
	             Steve Landherr, Brad Smith, Mark Kelly, Dr. Alain CYR,
	             Randy Dunlap, Mark Montague, Dan Million, Gavin Brebner,
	             Jean-Marc Zucconi, Jeff Blomberg, Benny Halevy, Dave Boone,
	             Erik Habbinga, Kris Strecker, Walter Wong, Joshua Root,
	             Fabrice Bacchella, Zhenghua Xue, Qin Li, Darren Sawyer.
	             Ben England.

	Run began: Fri May  1 23:51:07 2015

	Excel chart generation enabled
	Auto Mode
	Using maximum file size of 8388608 kilobytes.
	Command line used: /opt/iozone/bin/iozone -Ra -g 8G -b 431_3_8.xls -f 431_3_8.tmp
	Output is in Kbytes/sec
	Time Resolution = 0.000001 seconds.
	Processor cache size set to 1024 Kbytes.
	Processor cache line size set to 32 bytes.
	File stride size set to 17 * record size.
                                                            random  random    bkwd   record   stride                                   
              KB  reclen   write rewrite    read    reread    read   write    read  rewrite     read   fwrite frewrite   fread  freread
              64       4  390278 1421755  3022727  4274062 2772930 1638743 2133730  2067979  3588436  1562436  1460430 3203069  4018152
              64       8  955947 1562436  4274062  4897948 3738358 1933893 2892445  2467108  4564786  1828508  1679761 3958892  4274062
              64      16 1105556 1734015  3958892  4897948 3791156 1892980 2561267  2561267  4018152  1991276  2133730 3541098  4274062
              64      32 1183548 1484662  4564786  5283570 4018152 1933893 2801873  2133730  4988978  1734015  2801873 3738358  4564786
              64      64 1255511 1828508  5389653  5860307 4274062 1933893 3541098  2067979  3791156  1828508  2006158 3958892  4897948
             128       4 1065630 1206978  3560017  4889281 3124872 1727352 2905056  2367096  3053774  1778862  1561553 3759450  3867787
             128       8 1206978 1363288  4407601  5122535 4557257 1905110 3297617  3053774  5847904  2132084  1778862 4557257  5325799
             128      16 1269781 1802755  4135958  4889281 4934216 2286447 3199360  2558895  5603747  2248149  1911894 4012317  5545860
             128      32 1196221 1858934  4596273  6406138 4557257 2211113 4012317  2905056  4444086  2326073  2132084 3895854  5603747
             128      64 1243315 1827299  4934216  6812590 4889281 2248149 4267461  2920861  4557257  2066432  3199360 4407601  5325799
             128     128 1162547 1521718  5847904  6727225 5122535 2326073 3759450  2420455  4407601  2326073  2132084 4407601  5122535
             256       4 1062263 1766587  4132864  4264168 3326279 2097948 2210228  2081678  3159869  1570244  1368162 3078337  3935921
             256       8 1195962 1629830  4332998  4929815 4070199 2065659 3557725  3123106  3756894  2131261  1805197 4264168  4350555
             256      16  911645 1855098  7314033  4197489 3935921 2719671 4734192  2726577  4350555  2441400  1956506 4054829  3879045
             256      32 1163562 1938842  4755158  5217259 9192546 2486631 3705040  2783115  4572895  3770085  2152625 3935921  4907284
             256      64 1280084 1763685  5022044  5687020 5320671 2330140 3879045  2819657  4840911  2613746  2441400 5117791  5117791
             256     128 1361224 1523457  5242734  5810112 5242734 2509882 3935921  3087188  4755158  2131261  3410808 4652146  5455847
             256     256 1334162 1942349  5938650  5971678 5569035 2345409 4404088  2486631  4907284  2533571  2228578 4929815  5687020
             512       4 1143004 1484293  3736016  3504346 3140488 1803387 3201349  2141475  3459188  1635797  1580419 3628697  5566231
             512       8 1224470 1766304  4532414  5684095 4620174 2198475 3788747  3415178  4131319  2039772  1783912 4340054  5115422
             512      16 1279935 1801873  4660280  4610256 4131319 1815584 4091959  3259661  4131319  2124526  1882427 3877684  5624545
             512      32 1296159 1924603  4784885  6228097 5624545 2381315 4532414  2942541  4784885  2198475  2032051 4131319  5227492
             512      64 1333173 1867692  4916336  6395018 5822804 2327124 4228947  2975154  5019764  2357784  2107844 4457157  5331314
             512     128 1388334 1940253  5115422  5951911 5760329 2584820 4610256  2958758  5177083  2524058  2449212 4784885  5566231
             512     256 1365383 1931527  5278892  5807059 5684095 2460437 4375425  2910635  5384786  2235086  3346002 4827914  5331314
             512     512 1391032 2532990  9510316  9304292 9344779 3415178 4927617  3029721  5227492  2739816  2402629 4961773  6228097
            1024       4 1185209 1556257  3751699  4146499 3291652 1845071 3074849  2679655  3335105  1841906  1587902 3092561  6244448
            1024       8 1210598 2073055  5720477  8750850 7054742 3220084 4783849  4876180  4995276  3112733  2255990 5417427  6244448
            1024      16 1281389 1774922  4854136  4654248 4099011 2426801 6650556  4741598  6199382  3532609  2509027 4614246  5652717
            1024      32 1380217 2504637  5507740  8122014 7590887 3200886 4674510  4507705  5630486  2844715  2210703 4920874  6244448
            1024      64 1268896 2567523  5660167  9142007 6776473 3671521 4949226  4614246  7369466  2443368  2960401 4741598 10329265
            1024     128 1329791 2632033  6235382  7369466 7008693 3436508 5144870  3905205  6692005  2672984  2342105 4361233  6733974
            1024     256 1386007 1815435  5144870  4972145 5789881 2415881 4741598  2859868  5950309  2403712  2421329 4926518  5660167
            1024     512 1363565 1882266  7524394  9655828 7927135 4014717 4433259  3532609  5782087  2791104  3849207 5660167  7066349
            1024    1024 1437980 2774874  9655828  9765601 7811791 3220084 5444898  3057339  5564829  3040026  2653170 5630486  7113161
            2048       4 1177057 2155672  5068389  6873016 5184636 2608697 4031308  3282603  4631177  2340705  1906837 4613765  5868220
            2048       8 1322992 2485653  6225466  8608824 6543188 3272598 4983122  4405533  6340344  2968386  2011785 5119743  6261772
            2048      16 1393156 2653011  5689430  6649556 5670651 2816551 4699588  3931669  6058611  2506688  2612664 5293261  6280083
            2048      32 1430033 2642401  6363830  9268323 8643474 3604966 5578583  4403275  4923146  2243502  2534797 5107566  7643611
            2048      64 1416357 2673655  5593112  7159438 7670915 3282603 5187767  4338776  6062888  2805512  2319218 5332694  7159438
            2048     128 1442279 2023634  5332694  6303124 5970183 2642401 6007763  5044577  8190205  2990085  2056087 6261772  8166845
            2048     256 1472188 2282853  6041567  8678404 7874853 3606479 5169036  3643190  6378005  2467091  2226060 5970183  8713618
            2048     512 1500214 2378293  7059413  9389900 8097557 3419824 5704543  3489282  6401772  3034448  2767549 6092991  7529708
            2048    1024 1485169 2741055  6563185  7789164 7846081 3346546 5430461  3806235  6629029  2832339  3618634 5156624  6780783
            2048    2048 1506793 2698008  5937172  6024617 5884299 2556676 6225466  3307884  4820915  2959183  2512554 5689430  7318020
            4096       4 1212513 1874548  4501111  4413235 3412898 1855917 3871253  3115226  4297324  2268027  1805213 4352854  5257310
            4096       8 1384267 2632201  5751920  6649056 5445618 2645985 4557229  4141917  5389246  2462779  2198374 5696610  5587302
            4096      16 1402231 2280673  5601877  5826043 5107271 2422154 6398924  4977067  6724530  3003050  2127852 5418140  6628532
            4096      32 1458788 2671911  6140479  9081201 7863339 3689988 4990078  4104315  6826060  2627371  2051130 5369035  6542703
            4096      64 1491721 2526895  5572803  6883496 6682678 3068488 6291135  4680135  7012747  2842558  2065432 7515892  7697744
            4096     128 1518755 2320724  7099689  8393502 7965422 3518442 6480999  5145513  7939654  2979096  2211675 5689064  7326777
            4096     256 1496008 2609016  5099691  6815229 6618318 2811391 4785737  4054910  7380284  2566532  2270425 5369035  6748303
            4096     512 1536412 2515794  6077484  7802627 7585581 3330202 5594580  3991785  7012747  2716268  2838800 5284803  6300364
            4096    1024 1554485 2668176  5996870  7380284 7277121 3143154 5355645  3647681  6013663  2569603  2600722 5051705  6007355
            4096    2048 1526040 2135523  7742845  9614850 9614850 4047268 5761565  2953488  6398924  2613780  3509816 5894001  8093001
            4096    4096 1525498 2484145  6737716  6815229 6758923 2905044 4779081  2461720  6005255  3382659  2917377 5424983  6615769
            8192       4 1249908 1861024  4019714  4251492 3446379 1824946 3239099  2767642  3282106  1785124  1595025 3927363  6770651
            8192       8 1372423 2105401  5133064  5505657 4741363 2895693 4599816  4579585  7281448  3263713  1947190 4899570  5400092
            8192      16 1416557 1939386  5701152  6553692 7884642 3740932 5184962  3354524  4908670  2099996  1869937 4893290  5595314
            8192      32 1462066 1910062  5519808  6374949 5966469 2694711 5524246  3658870  5468852  2156811  1965906 5542961  6746720
            8192      64 1500306 2366241  5449769  6633402 6238371 2798980 4893290  3908154  6127127  2238739  2227274 5188093  6150158
            8192     128 1531810 2092451  5343822  6006101 5940679 2666686 5435974  4538452  5821902  2207527  1990276 5846669  5932474
            8192     256 1659265 2189242  5432536  6848927 6770651 3075025 5016894  3600590  8679319  3339526  2839458 5498608  6775991
            8192     512 1521230 2335362  5136133  5669170 5756551 2457109 5630154  3312801  5793435  2130994  2454827 5385702  6384425
            8192    1024 1516195 2053681  4488649  5744041 7249187 3749505 4421075  3253514  8488485  2672078  1828929 4327528  5603526
            8192    2048 1546217 2391772  5984134  6698058 6792065 3568061 5822889  3938166  7148143  2382815  2126246 5660764  5347148
            8192    4096 1569381 2481599  5810089  6210183 5940679 3137358 5483690  3980596  6470997  2935022  2736125 5309142  5224380
            8192    8192 1392954 1863143  5171695  5717279 5672914 2963884 4602281  2998544  4938300  2212787  2653711 4796296  4521133
           16384       4 1264299 1743184  4210802  4962122 4847317 2335903 3509891  4028623  4993492  2410464  1806182 4410238  5314400
           16384       8 1730672 1860309  5763216  4914218 4212867 2372106 4378485  5589764  6480642  2788735  2038560 4790547  4748835
           16384      16 1446853 2030489  5275236  5171619 4954252 2838028 5063026  3676842  4561287  1993671  2118695 5016457  4794893
           16384      32 1689069 2646435  5678917  6773190 7634813 2976698 4783877  4825871  7746700  2925128  2034034 5568926  5405531
           16384      64 1519979 2107002  5439763  5492370 5750677 2570412 5014993  4053336  8163585  3013905  2166589 5626377  4905448
           16384     128 1503681 2126168  5653687  5213206 5155324 2417588 5636067  3848794  7468042  2915819  1921911 5529493  5466592
           16384     256 1476288 2486970  5281723  6455681 6875519 3155627 4808986  5897753  7145026  2924132  2592815 4972535  4731180
           16384     512 1855938 2063474  5593859  4812016 5024159 2811784 5188017  3384561  6709048  2878326  2033252 4976857  4762658
           16384    1024 1547254 2229139  4972535  4853136 5059671 3165949 5038156  5253057  7972276  2095182  1699386 5614884  5691145
           16384    2048 1535225 2047733  5454010  5234650 4742281 2422531 4866196  5128010  8640909  2164065  1763403 5567122  5537068
           16384    4096 1705079 1989573  5206097  5540639 6473317 3111899 4981186  4766953  6286771  2127484  2030249 4971096  4909654
           16384    8192 1577046 1885369  4625454  5082122 4908251 2713524 4249075  2608959  4344712  2045660  2610941 4240161  4048321
           16384   16384 1613064 2379252  3568581  4266486 4234674 2519060 3855921  2430843  4192562  2539352  2280326 3621616  4043319
           32768      64 1816298 2127248  5148335  6300549 7134198 2948903 5497820  5469596  6918716  2771348  2074838 5129696  6466861
           32768     128 1837080 2072741  5438645  4916469 6049301 3023972 5379045  5607051  6775797  2725243  2110522 5148913  4995817
           32768     256 1645979 2278089  4684544  5734793 6256950 2969161 4872545  5944898  6062643  2695843  2247320 4849507  4922985
           32768     512 1850262 2062167  4748147  4709425 4710070 2236568 4614553  5376941  5713813  2520622  2137105 4874792  5659462
           32768    1024 1615469 2159773  4746343  6306331 6310095 3005456 4847968  5447699  6544460  2187027  1809173 4992731  6313573
           32768    2048 1780878 2315431  5111191  6390189 6377439 2985998 5021920  5290222  7783026  2071710  1893781 5732640  6222672
           32768    4096 1879563 2053755  4983860  5151422 6236791 2959826 4610682  4963342  6438988  2048123  1921314 4530883  5634174
           32768    8192 1881261 1897284  3796466  4782846 4703301 2484129 3900548  2969482  4584843  2368664  1889304 3789558  4522237
           32768   16384 1594626 1898071  4248524  4264475 4246818 2445584 3602801  2697589  4301849  2757282  2547864 3899552  4301984
           65536      64 1970114 2414284  5927694  7121963 6922690 2917256 6386894  6182059  6810347  2624262  2427696 5810413  6935790
           65536     128 1971428 2618089  5565253  6837962 6762429 3009003 5056080  6511255  6698979  2653189  2463023 5319894  6831673
           65536     256 1969112 2438724  4984475  6295614 6230967 3001413 4988274  5951824  6268909  2596622  2370029 5926672  6267193
           65536     512 1917144 2472884  5092990  6246259 6221940 2910522 5773556  5465877  5895655  2632808  2507694 5391263  6207748
           65536    1024 2152177 2507694  5459472  6291868 6215468 2929787 5470881  5351275  5879765  2160262  1936471 4594484  5751329
           65536    2048 1852454 2611423  5970829  6447265 6394322 3052272 4895874  5319482  6344877  1958338  1816308 6159479  6362059
           65536    4096 1901574 2242531  6104897  6432028 6310646 3030567 5344615  5169228  7079773  1934182  1906163 5626425  6253364
           65536    8192 1846084 2219015  4302779  4681816 4636722 2531411 4039482  3070307  4764839  2051789  1956359 4188181  4540974
           65536   16384 1841471 2166989  4331800  4381655 4375726 2477721 3977177  2810302  4307634  2308020  2272153 4147797  4272217
          131072      64 2139362 2560400  6104883  7113375 6900775 2912184 5948591  6267180  6880478  2668940  2515436 6199894  7118809
          131072     128 2129278 2770781  6120584  6865270 6746893 2993190 5847296  6436155  6696923  2600845  2547408 6130275  6853716
          131072     256 2051650 2651140  5911873  6332001 6276553 2993190 5882710  5787585  6128567  2632075  2555259 5693835  6310922
          131072     512 2084273 2681777  5599194  6308532 6266894 3057429 6006697  5532979  6243904  2675213  2544696 5874475  6356234
          131072    1024 2210875 2730256  5790938  6414078 6379468 3118459 5818950  5286021  6153950  2128725  2076455 5691124  6306650
          131072    2048 2002601 2793406  5733144  6287033 6263609 3050236 6207805  5321429  6341789  1932359  1884004 6059464  6406304
          131072    4096 2095882 2579102  5787585  5908442 5376858 2893302 6097503  5226371  5805860  1884598  1851298 5592814  6147894
          131072    8192 1837309 2250894  4480019  4613252 4609230 2538821 4225939  2951807  4416354  1957256  1908610 4368765  4588686
          131072   16384 1892187 2221443  4184923  4314422 4254621 2470348 4238384  2951078  3935152  2084281  2019818 4202646  4317844
          262144      64 2125926 2616440  6760991  7134552 6849139 2968717 6715279  6437542  6878232  2644685  2669794   79986  5491659
          262144     128 2148457 2732460  6614447  6666057 6612418 3074028 6473320  6542967  6773194  2675921  2655460 6742747  6911828
          262144     256 2165476 2730838  6137626  6358689 6295197 3104791 6083361  5969870  6203700  2698010  2623639 6180302  6336738
          262144     512 2246212 2772338  6193182  6413921 6381756 3118493 6274110  5491303  6276510  2692797  2305960 4872559  4816972
          262144    1024 2212204 2793107  6155942  6424151 6356704 3122842 6180753  5461897  6142804  2158614  2145117 6042407  6413023
          262144    2048 2184805 2714965  6186004  6371697 6085886 3048898 6018956  5411520  6169274  1893529  1906653 5749386  6331520
          262144    4096 2165062 2770256  5577517  6320383 6292783 3026399 6096381  5215656  5992548  1883855  1870360 5974249  6246415
          262144    8192 1905365 2262221  4455724  4488685 4473909 2465959 4488997  3068349  4387204  1878441  1843006 4097154  4244566
          262144   16384 1908957 2312182  4330033  4308535 4309802 2487043 4306409  2997645  4229089  1998582  1959222 4230114  4341009
          524288      64 2128370 2669093  6823568  7177020 6939985 2868459 6729331  6553512  6845915  2690296  2662723   74474  5820250
          524288     128 2229837 2403922  5348563  5452414 5341806 2647145 5277236  6606712  5297704  2388968  2387230 5407153  5449293
          524288     256 2294406 2804219  5966983  6323196 6248808 3096540 6094958  5822315  6250229  2677589  2335848 6075525  6060356
          524288     512 2272300 2812295  6182209  6355396 6318473 3120833   99334  5493440  6275504  2700372  2575659 6292851  6197036
          524288    1024 2212980 2826243  6202542  6408310 6370678 3068433 6299648  5455417  6361390  2116802  2093592 6168233  6370217
          524288    2048 2268526 2789432  4898749  4963959 5016342 2709795 4854025  5231624  4921873  1938663  1978252   70083  5247504
          524288    4096 2273414 2771017  6070460  6376645 6366510 3089987 6106382  5377415  6151736  1926092  1908521 6089641  6299124
          524288    8192 1945005 2315024  4530502  4536539 4548785 2483835 4373912  3040479  4087602  1828653  1857471   82352  3980386
          524288   16384 1964612 2333622  4218063  4325705 4349533 2515380 4325909  2996904  4252584  1969822  1955320   98085  3831846
         1048576      64 2236346 2723333  5645789  5693892 5469827 2590490   14633  6451711  6878527  2760988  2394271   51906  5907995
         1048576     128 2295466 2800841  6901063  6834180 6681891 3046743 6624523  6346618  6758512  2699766  2690145   58947  5764733
         1048576     256 2297276 2763038    69896  5428281 6270339 3053830 4912186  5737322  4892753  2400443  2709800   62190  5399126
         1048576     512 2314967 2820602  6137621  6237507 6207819 3101792 6334506  5342597  6221193  2650637  2610761   68704  5381428
         1048576    1024 2282450 2840783    65074  4377002 4925389 2742428 4972005  5243198  4905299  1955919  1932503   96005  5413621
         1048576    2048 2321174 2813457  6379835  6443497 6430966 3105963  108589  5474620  6388063  1929568  1942210 6408056  6382742
         1048576    4096 2315529 2830852    71536  5307818 6202496 3106127   65600  5320557  4987064  1780567  1719644 4957127  4974035
         1048576    8192 1962075 2384432  4369670  4380381 4471500 2534701 4482739  3101405  4273047  1861612  1667206   66967  3984785
         1048576   16384 1995091 2349876  4381406  4392161 4388686 2579619 4339558  3008594  4323365  1960809  1910385   64136  3907815
         2097152      64   23941   31574    54664  5992151 6881302   29094 7006718  6389803  6904632    38452    38243   69858  5470935
         2097152     128   60906   31346  5473948  5522527 5367405   33128 6701939  6498867  6793295    44009    33292   70694  5826393
         2097152     256   47875   26961  6288516  6362082 6238497   29037   20303  5795498  4856438    49164    35153   84115  5384603
         2097152     512   34133   30609  6334619  6371026 6338293   21285 4926199  5463297  4990224    41318    28548   59374  5477135
         2097152    1024   33214   25639    45871  4384402 4890402   23725 4959541  5428143  4928479    32415    27357   55066  5411462
         2097152    2048   47791   24387    43106  4364057 4927866   25608 5000838  5471735  4995002    33793    38726 5022711  5029129
         2097152    4096   43385   30315    51973  5366289 6296186   36642 6302051  5375547  6346640    24734    73373   57458  5413837
         2097152    8192   39121   33654  4074838  4228059 4234224   23508 4138933  3113182  4239677  1589141  1368414   58125  4008325
         2097152   16384   33602   28742    28034  3652321 4047227   27883 3701598  2748391  3644002  1572881  1370623 3698627  3723411
         4194304      64   49969   71950    47231  5973168 6866744   45088 5589781  6425611  5413437    22581    22863   55098  5943483
         4194304     128   43667   72504    40788  5896716 6776505   24005 5376409  6355614  5346712    29601    32996   56191  5857581
         4194304     256   50735   28873    41835  5396830 6199822   60358    9908  5856959  4905837    24927    27087   49994  5441000
         4194304     512   43146   77907    54521  5493522 6330069   37374    5295  5350989  4911649    43089    25582   31030  5413408
         4194304    1024   27510   29216    39199  5514337 6400058   39715    7492  5402385  5733581    50659    50223   45684  5529407
         4194304    2048   41813   43238    60095  5498852 6437631   47043   11149  5417863  5875551    19096    18829   28240  5341456
         4194304    4096   47631   15775    24108  4778897 5686251   18948   19006  5398101  5438481    49725    52318   38968  5329429
         4194304    8192   32833   26754    38204  3950413 4400655   47526   41093  3148266  4264692    34797    46189   31770  3950394
         4194304   16384   47848   15590  3446657  3432318 3434449   19490 3442480  2497895  3454325    40857    31399   33282  3819162
         8388608      64   21301   20324    24418  5591760 6397754   10591     941  6238932  5890265    16947    21259   24440  5081277
         8388608     128   25124   30976    55220  5413049 6226056   14439    2236  6396071  5746979    20206    16558   25467  5306216
         8388608     256   29655   17597    19632  4612661 5278210   13371    2507  5851849  5296991    19026    17384   22127  4989782
         8388608     512   20928   18559    17978  4672072 5340018   14325    2991  5476793  5254627    24780    16046   20410  5076924
         8388608    1024   33370   18972    26901  5082171 5867517   17581    5489  5262103  5360537    21905    19656   35557  5096858
         8388608    2048   26400   18974    19893  5135214 5873223   16152    8806  5523642  5328634    25528    30886   60955  5026321
         8388608    4096   26083   27676    56558  5048669 5780395   40985   43100  5440580  5869735    28516    27758   40617  5141659
         8388608    8192   47194   40696    48966  3632506 4139562   30374   33169  2795521  4176806    36792    36481   56083  3729246
         8388608   16384   24513   30353    53041  3675990 4051542   34408   41197  2769225  4125458    31773    28895   45678  3695783

iozone test complete.
Excel output is below:

"Writer report"
        "4"  "8"  "16"  "32"  "64"  "128"  "256"  "512"  "1024"  "2048"  "4096"  "8192"  "16384"
"64"   390278  955947  1105556  1183548  1255511 
"128"   1065630  1206978  1269781  1196221  1243315  1162547 
"256"   1062263  1195962  911645  1163562  1280084  1361224  1334162 
"512"   1143004  1224470  1279935  1296159  1333173  1388334  1365383  1391032 
"1024"   1185209  1210598  1281389  1380217  1268896  1329791  1386007  1363565  1437980 
"2048"   1177057  1322992  1393156  1430033  1416357  1442279  1472188  1500214  1485169  1506793 
"4096"   1212513  1384267  1402231  1458788  1491721  1518755  1496008  1536412  1554485  1526040  1525498 
"8192"   1249908  1372423  1416557  1462066  1500306  1531810  1659265  1521230  1516195  1546217  1569381  1392954 
"16384"   1264299  1730672  1446853  1689069  1519979  1503681  1476288  1855938  1547254  1535225  1705079  1577046  1613064 
"32768"   0  0  0  0  1816298  1837080  1645979  1850262  1615469  1780878  1879563  1881261  1594626 
"65536"   0  0  0  0  1970114  1971428  1969112  1917144  2152177  1852454  1901574  1846084  1841471 
"131072"   0  0  0  0  2139362  2129278  2051650  2084273  2210875  2002601  2095882  1837309  1892187 
"262144"   0  0  0  0  2125926  2148457  2165476  2246212  2212204  2184805  2165062  1905365  1908957 
"524288"   0  0  0  0  2128370  2229837  2294406  2272300  2212980  2268526  2273414  1945005  1964612 
"1048576"   0  0  0  0  2236346  2295466  2297276  2314967  2282450  2321174  2315529  1962075  1995091 
"2097152"   0  0  0  0  23941  60906  47875  34133  33214  47791  43385  39121  33602 
"4194304"   0  0  0  0  49969  43667  50735  43146  27510  41813  47631  32833  47848 
"8388608"   0  0  0  0  21301  25124  29655  20928  33370  26400  26083  47194  24513 

"Re-writer report"
        "4"  "8"  "16"  "32"  "64"  "128"  "256"  "512"  "1024"  "2048"  "4096"  "8192"  "16384"
"64"   1421755  1562436  1734015  1484662  1828508 
"128"   1206978  1363288  1802755  1858934  1827299  1521718 
"256"   1766587  1629830  1855098  1938842  1763685  1523457  1942349 
"512"   1484293  1766304  1801873  1924603  1867692  1940253  1931527  2532990 
"1024"   1556257  2073055  1774922  2504637  2567523  2632033  1815435  1882266  2774874 
"2048"   2155672  2485653  2653011  2642401  2673655  2023634  2282853  2378293  2741055  2698008 
"4096"   1874548  2632201  2280673  2671911  2526895  2320724  2609016  2515794  2668176  2135523  2484145 
"8192"   1861024  2105401  1939386  1910062  2366241  2092451  2189242  2335362  2053681  2391772  2481599  1863143 
"16384"   1743184  1860309  2030489  2646435  2107002  2126168  2486970  2063474  2229139  2047733  1989573  1885369  2379252 
"32768"   0  0  0  0  2127248  2072741  2278089  2062167  2159773  2315431  2053755  1897284  1898071 
"65536"   0  0  0  0  2414284  2618089  2438724  2472884  2507694  2611423  2242531  2219015  2166989 
"131072"   0  0  0  0  2560400  2770781  2651140  2681777  2730256  2793406  2579102  2250894  2221443 
"262144"   0  0  0  0  2616440  2732460  2730838  2772338  2793107  2714965  2770256  2262221  2312182 
"524288"   0  0  0  0  2669093  2403922  2804219  2812295  2826243  2789432  2771017  2315024  2333622 
"1048576"   0  0  0  0  2723333  2800841  2763038  2820602  2840783  2813457  2830852  2384432  2349876 
"2097152"   0  0  0  0  31574  31346  26961  30609  25639  24387  30315  33654  28742 
"4194304"   0  0  0  0  71950  72504  28873  77907  29216  43238  15775  26754  15590 
"8388608"   0  0  0  0  20324  30976  17597  18559  18972  18974  27676  40696  30353 

"Reader report"
        "4"  "8"  "16"  "32"  "64"  "128"  "256"  "512"  "1024"  "2048"  "4096"  "8192"  "16384"
"64"   3022727  4274062  3958892  4564786  5389653 
"128"   3560017  4407601  4135958  4596273  4934216  5847904 
"256"   4132864  4332998  7314033  4755158  5022044  5242734  5938650 
"512"   3736016  4532414  4660280  4784885  4916336  5115422  5278892  9510316 
"1024"   3751699  5720477  4854136  5507740  5660167  6235382  5144870  7524394  9655828 
"2048"   5068389  6225466  5689430  6363830  5593112  5332694  6041567  7059413  6563185  5937172 
"4096"   4501111  5751920  5601877  6140479  5572803  7099689  5099691  6077484  5996870  7742845  6737716 
"8192"   4019714  5133064  5701152  5519808  5449769  5343822  5432536  5136133  4488649  5984134  5810089  5171695 
"16384"   4210802  5763216  5275236  5678917  5439763  5653687  5281723  5593859  4972535  5454010  5206097  4625454  3568581 
"32768"   0  0  0  0  5148335  5438645  4684544  4748147  4746343  5111191  4983860  3796466  4248524 
"65536"   0  0  0  0  5927694  5565253  4984475  5092990  5459472  5970829  6104897  4302779  4331800 
"131072"   0  0  0  0  6104883  6120584  5911873  5599194  5790938  5733144  5787585  4480019  4184923 
"262144"   0  0  0  0  6760991  6614447  6137626  6193182  6155942  6186004  5577517  4455724  4330033 
"524288"   0  0  0  0  6823568  5348563  5966983  6182209  6202542  4898749  6070460  4530502  4218063 
"1048576"   0  0  0  0  5645789  6901063  69896  6137621  65074  6379835  71536  4369670  4381406 
"2097152"   0  0  0  0  54664  5473948  6288516  6334619  45871  43106  51973  4074838  28034 
"4194304"   0  0  0  0  47231  40788  41835  54521  39199  60095  24108  38204  3446657 
"8388608"   0  0  0  0  24418  55220  19632  17978  26901  19893  56558  48966  53041 

"Re-Reader report"
        "4"  "8"  "16"  "32"  "64"  "128"  "256"  "512"  "1024"  "2048"  "4096"  "8192"  "16384"
"64"   4274062  4897948  4897948  5283570  5860307 
"128"   4889281  5122535  4889281  6406138  6812590  6727225 
"256"   4264168  4929815  4197489  5217259  5687020  5810112  5971678 
"512"   3504346  5684095  4610256  6228097  6395018  5951911  5807059  9304292 
"1024"   4146499  8750850  4654248  8122014  9142007  7369466  4972145  9655828  9765601 
"2048"   6873016  8608824  6649556  9268323  7159438  6303124  8678404  9389900  7789164  6024617 
"4096"   4413235  6649056  5826043  9081201  6883496  8393502  6815229  7802627  7380284  9614850  6815229 
"8192"   4251492  5505657  6553692  6374949  6633402  6006101  6848927  5669170  5744041  6698058  6210183  5717279 
"16384"   4962122  4914218  5171619  6773190  5492370  5213206  6455681  4812016  4853136  5234650  5540639  5082122  4266486 
"32768"   0  0  0  0  6300549  4916469  5734793  4709425  6306331  6390189  5151422  4782846  4264475 
"65536"   0  0  0  0  7121963  6837962  6295614  6246259  6291868  6447265  6432028  4681816  4381655 
"131072"   0  0  0  0  7113375  6865270  6332001  6308532  6414078  6287033  5908442  4613252  4314422 
"262144"   0  0  0  0  7134552  6666057  6358689  6413921  6424151  6371697  6320383  4488685  4308535 
"524288"   0  0  0  0  7177020  5452414  6323196  6355396  6408310  4963959  6376645  4536539  4325705 
"1048576"   0  0  0  0  5693892  6834180  5428281  6237507  4377002  6443497  5307818  4380381  4392161 
"2097152"   0  0  0  0  5992151  5522527  6362082  6371026  4384402  4364057  5366289  4228059  3652321 
"4194304"   0  0  0  0  5973168  5896716  5396830  5493522  5514337  5498852  4778897  3950413  3432318 
"8388608"   0  0  0  0  5591760  5413049  4612661  4672072  5082171  5135214  5048669  3632506  3675990 

"Random read report"
        "4"  "8"  "16"  "32"  "64"  "128"  "256"  "512"  "1024"  "2048"  "4096"  "8192"  "16384"
"64"   2772930  3738358  3791156  4018152  4274062 
"128"   3124872  4557257  4934216  4557257  4889281  5122535 
"256"   3326279  4070199  3935921  9192546  5320671  5242734  5569035 
"512"   3140488  4620174  4131319  5624545  5822804  5760329  5684095  9344779 
"1024"   3291652  7054742  4099011  7590887  6776473  7008693  5789881  7927135  7811791 
"2048"   5184636  6543188  5670651  8643474  7670915  5970183  7874853  8097557  7846081  5884299 
"4096"   3412898  5445618  5107271  7863339  6682678  7965422  6618318  7585581  7277121  9614850  6758923 
"8192"   3446379  4741363  7884642  5966469  6238371  5940679  6770651  5756551  7249187  6792065  5940679  5672914 
"16384"   4847317  4212867  4954252  7634813  5750677  5155324  6875519  5024159  5059671  4742281  6473317  4908251  4234674 
"32768"   0  0  0  0  7134198  6049301  6256950  4710070  6310095  6377439  6236791  4703301  4246818 
"65536"   0  0  0  0  6922690  6762429  6230967  6221940  6215468  6394322  6310646  4636722  4375726 
"131072"   0  0  0  0  6900775  6746893  6276553  6266894  6379468  6263609  5376858  4609230  4254621 
"262144"   0  0  0  0  6849139  6612418  6295197  6381756  6356704  6085886  6292783  4473909  4309802 
"524288"   0  0  0  0  6939985  5341806  6248808  6318473  6370678  5016342  6366510  4548785  4349533 
"1048576"   0  0  0  0  5469827  6681891  6270339  6207819  4925389  6430966  6202496  4471500  4388686 
"2097152"   0  0  0  0  6881302  5367405  6238497  6338293  4890402  4927866  6296186  4234224  4047227 
"4194304"   0  0  0  0  6866744  6776505  6199822  6330069  6400058  6437631  5686251  4400655  3434449 
"8388608"   0  0  0  0  6397754  6226056  5278210  5340018  5867517  5873223  5780395  4139562  4051542 

"Random write report"
        "4"  "8"  "16"  "32"  "64"  "128"  "256"  "512"  "1024"  "2048"  "4096"  "8192"  "16384"
"64"   1638743  1933893  1892980  1933893  1933893 
"128"   1727352  1905110  2286447  2211113  2248149  2326073 
"256"   2097948  2065659  2719671  2486631  2330140  2509882  2345409 
"512"   1803387  2198475  1815584  2381315  2327124  2584820  2460437  3415178 
"1024"   1845071  3220084  2426801  3200886  3671521  3436508  2415881  4014717  3220084 
"2048"   2608697  3272598  2816551  3604966  3282603  2642401  3606479  3419824  3346546  2556676 
"4096"   1855917  2645985  2422154  3689988  3068488  3518442  2811391  3330202  3143154  4047268  2905044 
"8192"   1824946  2895693  3740932  2694711  2798980  2666686  3075025  2457109  3749505  3568061  3137358  2963884 
"16384"   2335903  2372106  2838028  2976698  2570412  2417588  3155627  2811784  3165949  2422531  3111899  2713524  2519060 
"32768"   0  0  0  0  2948903  3023972  2969161  2236568  3005456  2985998  2959826  2484129  2445584 
"65536"   0  0  0  0  2917256  3009003  3001413  2910522  2929787  3052272  3030567  2531411  2477721 
"131072"   0  0  0  0  2912184  2993190  2993190  3057429  3118459  3050236  2893302  2538821  2470348 
"262144"   0  0  0  0  2968717  3074028  3104791  3118493  3122842  3048898  3026399  2465959  2487043 
"524288"   0  0  0  0  2868459  2647145  3096540  3120833  3068433  2709795  3089987  2483835  2515380 
"1048576"   0  0  0  0  2590490  3046743  3053830  3101792  2742428  3105963  3106127  2534701  2579619 
"2097152"   0  0  0  0  29094  33128  29037  21285  23725  25608  36642  23508  27883 
"4194304"   0  0  0  0  45088  24005  60358  37374  39715  47043  18948  47526  19490 
"8388608"   0  0  0  0  10591  14439  13371  14325  17581  16152  40985  30374  34408 

"Backward read report"
        "4"  "8"  "16"  "32"  "64"  "128"  "256"  "512"  "1024"  "2048"  "4096"  "8192"  "16384"
"64"   2133730  2892445  2561267  2801873  3541098 
"128"   2905056  3297617  3199360  4012317  4267461  3759450 
"256"   2210228  3557725  4734192  3705040  3879045  3935921  4404088 
"512"   3201349  3788747  4091959  4532414  4228947  4610256  4375425  4927617 
"1024"   3074849  4783849  6650556  4674510  4949226  5144870  4741598  4433259  5444898 
"2048"   4031308  4983122  4699588  5578583  5187767  6007763  5169036  5704543  5430461  6225466 
"4096"   3871253  4557229  6398924  4990078  6291135  6480999  4785737  5594580  5355645  5761565  4779081 
"8192"   3239099  4599816  5184962  5524246  4893290  5435974  5016894  5630154  4421075  5822889  5483690  4602281 
"16384"   3509891  4378485  5063026  4783877  5014993  5636067  4808986  5188017  5038156  4866196  4981186  4249075  3855921 
"32768"   0  0  0  0  5497820  5379045  4872545  4614553  4847968  5021920  4610682  3900548  3602801 
"65536"   0  0  0  0  6386894  5056080  4988274  5773556  5470881  4895874  5344615  4039482  3977177 
"131072"   0  0  0  0  5948591  5847296  5882710  6006697  5818950  6207805  6097503  4225939  4238384 
"262144"   0  0  0  0  6715279  6473320  6083361  6274110  6180753  6018956  6096381  4488997  4306409 
"524288"   0  0  0  0  6729331  5277236  6094958  99334  6299648  4854025  6106382  4373912  4325909 
"1048576"   0  0  0  0  14633  6624523  4912186  6334506  4972005  108589  65600  4482739  4339558 
"2097152"   0  0  0  0  7006718  6701939  20303  4926199  4959541  5000838  6302051  4138933  3701598 
"4194304"   0  0  0  0  5589781  5376409  9908  5295  7492  11149  19006  41093  3442480 
"8388608"   0  0  0  0  941  2236  2507  2991  5489  8806  43100  33169  41197 

"Record rewrite report"
        "4"  "8"  "16"  "32"  "64"  "128"  "256"  "512"  "1024"  "2048"  "4096"  "8192"  "16384"
"64"   2067979  2467108  2561267  2133730  2067979 
"128"   2367096  3053774  2558895  2905056  2920861  2420455 
"256"   2081678  3123106  2726577  2783115  2819657  3087188  2486631 
"512"   2141475  3415178  3259661  2942541  2975154  2958758  2910635  3029721 
"1024"   2679655  4876180  4741598  4507705  4614246  3905205  2859868  3532609  3057339 
"2048"   3282603  4405533  3931669  4403275  4338776  5044577  3643190  3489282  3806235  3307884 
"4096"   3115226  4141917  4977067  4104315  4680135  5145513  4054910  3991785  3647681  2953488  2461720 
"8192"   2767642  4579585  3354524  3658870  3908154  4538452  3600590  3312801  3253514  3938166  3980596  2998544 
"16384"   4028623  5589764  3676842  4825871  4053336  3848794  5897753  3384561  5253057  5128010  4766953  2608959  2430843 
"32768"   0  0  0  0  5469596  5607051  5944898  5376941  5447699  5290222  4963342  2969482  2697589 
"65536"   0  0  0  0  6182059  6511255  5951824  5465877  5351275  5319482  5169228  3070307  2810302 
"131072"   0  0  0  0  6267180  6436155  5787585  5532979  5286021  5321429  5226371  2951807  2951078 
"262144"   0  0  0  0  6437542  6542967  5969870  5491303  5461897  5411520  5215656  3068349  2997645 
"524288"   0  0  0  0  6553512  6606712  5822315  5493440  5455417  5231624  5377415  3040479  2996904 
"1048576"   0  0  0  0  6451711  6346618  5737322  5342597  5243198  5474620  5320557  3101405  3008594 
"2097152"   0  0  0  0  6389803  6498867  5795498  5463297  5428143  5471735  5375547  3113182  2748391 
"4194304"   0  0  0  0  6425611  6355614  5856959  5350989  5402385  5417863  5398101  3148266  2497895 
"8388608"   0  0  0  0  6238932  6396071  5851849  5476793  5262103  5523642  5440580  2795521  2769225 

"Stride read report"
        "4"  "8"  "16"  "32"  "64"  "128"  "256"  "512"  "1024"  "2048"  "4096"  "8192"  "16384"
"64"   3588436  4564786  4018152  4988978  3791156 
"128"   3053774  5847904  5603747  4444086  4557257  4407601 
"256"   3159869  3756894  4350555  4572895  4840911  4755158  4907284 
"512"   3459188  4131319  4131319  4784885  5019764  5177083  5384786  5227492 
"1024"   3335105  4995276  6199382  5630486  7369466  6692005  5950309  5782087  5564829 
"2048"   4631177  6340344  6058611  4923146  6062888  8190205  6378005  6401772  6629029  4820915 
"4096"   4297324  5389246  6724530  6826060  7012747  7939654  7380284  7012747  6013663  6398924  6005255 
"8192"   3282106  7281448  4908670  5468852  6127127  5821902  8679319  5793435  8488485  7148143  6470997  4938300 
"16384"   4993492  6480642  4561287  7746700  8163585  7468042  7145026  6709048  7972276  8640909  6286771  4344712  4192562 
"32768"   0  0  0  0  6918716  6775797  6062643  5713813  6544460  7783026  6438988  4584843  4301849 
"65536"   0  0  0  0  6810347  6698979  6268909  5895655  5879765  6344877  7079773  4764839  4307634 
"131072"   0  0  0  0  6880478  6696923  6128567  6243904  6153950  6341789  5805860  4416354  3935152 
"262144"   0  0  0  0  6878232  6773194  6203700  6276510  6142804  6169274  5992548  4387204  4229089 
"524288"   0  0  0  0  6845915  5297704  6250229  6275504  6361390  4921873  6151736  4087602  4252584 
"1048576"   0  0  0  0  6878527  6758512  4892753  6221193  4905299  6388063  4987064  4273047  4323365 
"2097152"   0  0  0  0  6904632  6793295  4856438  4990224  4928479  4995002  6346640  4239677  3644002 
"4194304"   0  0  0  0  5413437  5346712  4905837  4911649  5733581  5875551  5438481  4264692  3454325 
"8388608"   0  0  0  0  5890265  5746979  5296991  5254627  5360537  5328634  5869735  4176806  4125458 

"Fwrite report"
        "4"  "8"  "16"  "32"  "64"  "128"  "256"  "512"  "1024"  "2048"  "4096"  "8192"  "16384"
"64"   1562436  1828508  1991276  1734015  1828508 
"128"   1778862  2132084  2248149  2326073  2066432  2326073 
"256"   1570244  2131261  2441400  3770085  2613746  2131261  2533571 
"512"   1635797  2039772  2124526  2198475  2357784  2524058  2235086  2739816 
"1024"   1841906  3112733  3532609  2844715  2443368  2672984  2403712  2791104  3040026 
"2048"   2340705  2968386  2506688  2243502  2805512  2990085  2467091  3034448  2832339  2959183 
"4096"   2268027  2462779  3003050  2627371  2842558  2979096  2566532  2716268  2569603  2613780  3382659 
"8192"   1785124  3263713  2099996  2156811  2238739  2207527  3339526  2130994  2672078  2382815  2935022  2212787 
"16384"   2410464  2788735  1993671  2925128  3013905  2915819  2924132  2878326  2095182  2164065  2127484  2045660  2539352 
"32768"   0  0  0  0  2771348  2725243  2695843  2520622  2187027  2071710  2048123  2368664  2757282 
"65536"   0  0  0  0  2624262  2653189  2596622  2632808  2160262  1958338  1934182  2051789  2308020 
"131072"   0  0  0  0  2668940  2600845  2632075  2675213  2128725  1932359  1884598  1957256  2084281 
"262144"   0  0  0  0  2644685  2675921  2698010  2692797  2158614  1893529  1883855  1878441  1998582 
"524288"   0  0  0  0  2690296  2388968  2677589  2700372  2116802  1938663  1926092  1828653  1969822 
"1048576"   0  0  0  0  2760988  2699766  2400443  2650637  1955919  1929568  1780567  1861612  1960809 
"2097152"   0  0  0  0  38452  44009  49164  41318  32415  33793  24734  1589141  1572881 
"4194304"   0  0  0  0  22581  29601  24927  43089  50659  19096  49725  34797  40857 
"8388608"   0  0  0  0  16947  20206  19026  24780  21905  25528  28516  36792  31773 

"Re-Fwrite report"
        "4"  "8"  "16"  "32"  "64"  "128"  "256"  "512"  "1024"  "2048"  "4096"  "8192"  "16384"
"64"   1460430  1679761  2133730  2801873  2006158 
"128"   1561553  1778862  1911894  2132084  3199360  2132084 
"256"   1368162  1805197  1956506  2152625  2441400  3410808  2228578 
"512"   1580419  1783912  1882427  2032051  2107844  2449212  3346002  2402629 
"1024"   1587902  2255990  2509027  2210703  2960401  2342105  2421329  3849207  2653170 
"2048"   1906837  2011785  2612664  2534797  2319218  2056087  2226060  2767549  3618634  2512554 
"4096"   1805213  2198374  2127852  2051130  2065432  2211675  2270425  2838800  2600722  3509816  2917377 
"8192"   1595025  1947190  1869937  1965906  2227274  1990276  2839458  2454827  1828929  2126246  2736125  2653711 
"16384"   1806182  2038560  2118695  2034034  2166589  1921911  2592815  2033252  1699386  1763403  2030249  2610941  2280326 
"32768"   0  0  0  0  2074838  2110522  2247320  2137105  1809173  1893781  1921314  1889304  2547864 
"65536"   0  0  0  0  2427696  2463023  2370029  2507694  1936471  1816308  1906163  1956359  2272153 
"131072"   0  0  0  0  2515436  2547408  2555259  2544696  2076455  1884004  1851298  1908610  2019818 
"262144"   0  0  0  0  2669794  2655460  2623639  2305960  2145117  1906653  1870360  1843006  1959222 
"524288"   0  0  0  0  2662723  2387230  2335848  2575659  2093592  1978252  1908521  1857471  1955320 
"1048576"   0  0  0  0  2394271  2690145  2709800  2610761  1932503  1942210  1719644  1667206  1910385 
"2097152"   0  0  0  0  38243  33292  35153  28548  27357  38726  73373  1368414  1370623 
"4194304"   0  0  0  0  22863  32996  27087  25582  50223  18829  52318  46189  31399 
"8388608"   0  0  0  0  21259  16558  17384  16046  19656  30886  27758  36481  28895 

"Fread report"
        "4"  "8"  "16"  "32"  "64"  "128"  "256"  "512"  "1024"  "2048"  "4096"  "8192"  "16384"
"64"   3203069  3958892  3541098  3738358  3958892 
"128"   3759450  4557257  4012317  3895854  4407601  4407601 
"256"   3078337  4264168  4054829  3935921  5117791  4652146  4929815 
"512"   3628697  4340054  3877684  4131319  4457157  4784885  4827914  4961773 
"1024"   3092561  5417427  4614246  4920874  4741598  4361233  4926518  5660167  5630486 
"2048"   4613765  5119743  5293261  5107566  5332694  6261772  5970183  6092991  5156624  5689430 
"4096"   4352854  5696610  5418140  5369035  7515892  5689064  5369035  5284803  5051705  5894001  5424983 
"8192"   3927363  4899570  4893290  5542961  5188093  5846669  5498608  5385702  4327528  5660764  5309142  4796296 
"16384"   4410238  4790547  5016457  5568926  5626377  5529493  4972535  4976857  5614884  5567122  4971096  4240161  3621616 
"32768"   0  0  0  0  5129696  5148913  4849507  4874792  4992731  5732640  4530883  3789558  3899552 
"65536"   0  0  0  0  5810413  5319894  5926672  5391263  4594484  6159479  5626425  4188181  4147797 
"131072"   0  0  0  0  6199894  6130275  5693835  5874475  5691124  6059464  5592814  4368765  4202646 
"262144"   0  0  0  0  79986  6742747  6180302  4872559  6042407  5749386  5974249  4097154  4230114 
"524288"   0  0  0  0  74474  5407153  6075525  6292851  6168233  70083  6089641  82352  98085 
"1048576"   0  0  0  0  51906  58947  62190  68704  96005  6408056  4957127  66967  64136 
"2097152"   0  0  0  0  69858  70694  84115  59374  55066  5022711  57458  58125  3698627 
"4194304"   0  0  0  0  55098  56191  49994  31030  45684  28240  38968  31770  33282 
"8388608"   0  0  0  0  24440  25467  22127  20410  35557  60955  40617  56083  45678 

"Re-Fread report"
        "4"  "8"  "16"  "32"  "64"  "128"  "256"  "512"  "1024"  "2048"  "4096"  "8192"  "16384"
"64"   4018152  4274062  4274062  4564786  4897948 
"128"   3867787  5325799  5545860  5603747  5325799  5122535 
"256"   3935921  4350555  3879045  4907284  5117791  5455847  5687020 
"512"   5566231  5115422  5624545  5227492  5331314  5566231  5331314  6228097 
"1024"   6244448  6244448  5652717  6244448  10329265  6733974  5660167  7066349  7113161 
"2048"   5868220  6261772  6280083  7643611  7159438  8166845  8713618  7529708  6780783  7318020 
"4096"   5257310  5587302  6628532  6542703  7697744  7326777  6748303  6300364  6007355  8093001  6615769 
"8192"   6770651  5400092  5595314  6746720  6150158  5932474  6775991  6384425  5603526  5347148  5224380  4521133 
"16384"   5314400  4748835  4794893  5405531  4905448  5466592  4731180  4762658  5691145  5537068  4909654  4048321  4043319 
"32768"   0  0  0  0  6466861  4995817  4922985  5659462  6313573  6222672  5634174  4522237  4301984 
"65536"   0  0  0  0  6935790  6831673  6267193  6207748  5751329  6362059  6253364  4540974  4272217 
"131072"   0  0  0  0  7118809  6853716  6310922  6356234  6306650  6406304  6147894  4588686  4317844 
"262144"   0  0  0  0  5491659  6911828  6336738  4816972  6413023  6331520  6246415  4244566  4341009 
"524288"   0  0  0  0  5820250  5449293  6060356  6197036  6370217  5247504  6299124  3980386  3831846 
"1048576"   0  0  0  0  5907995  5764733  5399126  5381428  5413621  6382742  4974035  3984785  3907815 
"2097152"   0  0  0  0  5470935  5826393  5384603  5477135  5411462  5029129  5413837  4008325  3723411 
"4194304"   0  0  0  0  5943483  5857581  5441000  5413408  5529407  5341456  5329429  3950394  3819162 
"8388608"   0  0  0  0  5081277  5306216  4989782  5076924  5096858  5026321  5141659  3729246  3695783 
