compute-652-1
	Iozone: Performance Test of File I/O
	        Version $Revision: 3.397 $
		Compiled for 64 bit mode.
		Build: linux-AMD64 

	Contributors:William Norcott, Don Capps, Isom Crawford, Kirby Collins
	             Al Slater, Scott Rhine, Mike Wisner, Ken Goss
	             Steve Landherr, Brad Smith, Mark Kelly, Dr. Alain CYR,
	             Randy Dunlap, Mark Montague, Dan Million, Gavin Brebner,
	             Jean-Marc Zucconi, Jeff Blomberg, Benny Halevy, Dave Boone,
	             Erik Habbinga, Kris Strecker, Walter Wong, Joshua Root,
	             Fabrice Bacchella, Zhenghua Xue, Qin Li, Darren Sawyer.
	             Ben England.

	Run began: Fri May  1 22:53:45 2015

	Excel chart generation enabled
	Auto Mode
	Using maximum file size of 8388608 kilobytes.
	Command line used: /opt/iozone/bin/iozone -Ra -g 8G -b 652_8.xls -f 652_8.tmp
	Output is in Kbytes/sec
	Time Resolution = 0.000001 seconds.
	Processor cache size set to 1024 Kbytes.
	Processor cache line size set to 32 bytes.
	File stride size set to 17 * record size.
                                                            random  random    bkwd   record   stride                                   
              KB  reclen   write rewrite    read    reread    read   write    read  rewrite     read   fwrite frewrite   fread  freread
              64       4  467002 1017549  2467108  3738358 2561267 1163036 1828508  1638743  3057153  1101022  1168097 2298136  3022727
              64       8  760859  863676  4018152  4897948 3203069 1336792 2467108  1947927  3541098  1163036  1452528 3203069  3738358
              64      16  799377 1330167  3738358  4564786 2772930 1002351 4897948  3791156  9006179  2561267  2278628 5283570  5735102
              64      32  818885  987600  4564786  4988978 3791156 1526887 5735102  3738358  7940539  2689580  3203069 5735102  4897948
              64      64  852702 1255511  4988978  5860307 3958892 1526887 5860307  2801873  7100397  3363612  2444640 6271021  7100397
             128       4  753179 1319723  3657016  4012317 2843510 1391557 5325799  4104338  3895854  1705404  1732927 4135958  4444086
             128       8  895074 2985839  9129573 10567140 7476717 2132084 3982553  3053774  6114306  2066432  1727352 2920861  4934216
             128      16  934004 1373754  4267461  4596273 3867787 1598754 2969325  2166499  4407601  1363288  1622919 4104338  2286447
             128      32  901083 1421023  4557257  4934216 4012317 1727352 6406138  4407601  6727225  2558895  2248149 5122535  9287508
             128      64 1663139 2985839  9795896 11470204 6406138 2511022 4407601  1911894  4934216  1440082  2784517 4934216  5325799
             128     128  857887 1455701  4759253  5074121 4267461 3657016 3657016  2409592  5122535  2202044  1967960 2784517  5325799
             256       4  785584 1523457  7735574  7965107 5320671 1814348 3511189  2392442  3654598  1778290  1570244 3756894  3879045
             256       8  985259 1413179  4652146  3935921 3557725 1662639 3499745  2392442  3043436  1579483  1455317 4332998  4264168
             256      16  988889 1368162  9518507 10245071 8815202 3756894 4332998  2842047  5810112  1938842  1985448 5142301  5217259
             256      32 1108314 1610276  4572895 10245071 8815202 3770085 5242734  2097948  5717301  2205688  1894373 5117791  5347168
             256      64  999940 3123106  6554972  4929815 6073004 2509882 4907284  3043436  5971678  2305128  1911233 5347168  4572895
             256     128 1319408 1561112  6249745 10651598 9518507 3879045 5687020  2911402  5022044  1881098  2486631 3605511  4264168
             256     256 1012194 3123106  9114515  9778562 6073004 2563818 4264168  1956506  4929815  2114473  2097948 5022044  4132864
             512       4  948197 1604029  4099771  4485083 3284589 1635797 3437042  2413429  3437042  1560891  2391924 4340054  4457157
             512       8  982917 1741948  4732165  5566231 4340054 1882427 4204110  2830083  4228947  1701913  3068685 5509113  4742616
             512      16  982917 2449212  5278892  5822804 4973263 2141475 4650188  2830083  4827914  1861217  1940253 5177083  5278892
             512      32 1537424 1783912  5566231  5684095 4927617 2116152 4871723  2782414  5509113  2032051  1954379 4701087  5453155
             512      64 1541840 1821745  5744919  5886650 4827914 2265742 4827914  2906696  6246213  2073249  2116152 5509113  4411377
             512     128 1451192 1801873  5624545  5684095 5278892 2307123 8955098  5331314  8394979  3259661  2474613 4827914  4420457
             512     256 1019791 3264616  4262523  5227492 5079126 2198475 8394979  4340054  7758090  2548017  3177664 5127637  5227492
             512     512 1075459 3081897  5566231  5744919 5227492 2265742 4784885  2009236  5115422  2178404  2065273 5115422  5214798
            1024       4  966071 1357961  7472033  7631350 6441107 2976816 3908759  2094282  3020783  1397280  1805514 5336651  5690162
            1024       8 1078919 1914144  5472650  5277632 4531485 2020395 4265934  3066069  4694950  1723636  1932227 5277632  4926518
            1024      16 1020956 1848247  5071963  4898425 5018624 2098375 4926518  3066069  4949226  1928757  1973059 5018624  4715569
            1024      32 1153071 2073055  5251818  5690162 5303701 2183727 5330028  3458646  5018624  1995982  2010935 5226256  5536137
            1024      64 1072185 2024203  5507740  5958564 5444898 2333199 5479632  3366474  6569179  2068064  2051273 5720477  5444898
            1024     128 1061060 2085132  8750850  8988941 6128613 2813041 5219904  3241960  6244448  2150918  2138070 5444898  5564829
            1024     256 1129123 1861867  5120336  4972145 4943530 2173780 4526709  2715230  5303701  2255990  2265510 5175871  4898425
            1024     512 1128826 2019445  4995276  5303701 4898425 2182617 4995276  2504637  4898425  1815435  3029305 4995276  5277632
            1024    1024 1061060 1813136  5277632  5144870 5226256 2011877 4854136  2159571  4943530  2182617  2146618 5018624  5194651
            2048       4  860904 1630338  4293237  4472047 3506373 1734357 3592903  2540795  3500658  1542232  1643438 3969827  3835124
            2048       8 1003519 1840251  7470770  6261772 6629029 2892423 4653758  2968386  4394265  1754908  1815360 5107566  4741090
            2048      16 1103423 1889224  5119743  4934459 4581773 1988500 4451191  2142232  4572018  1818820  1779262 4581773  8857376
            2048      32 1082427 1928672  5475461  5564129 5187767 2235910 5319484  3319389  5041616  2005679  1988500 5107566  5492967
            2048      64 1067230 1948358  5475461  5920802 5461535 2296279 5447681  3351769  5535444  2060526  2033695 5172149  4923146
            2048     128 1115459 1948358  5044577  5659442 5389574 2298737 5095447  3281349  6024617  2017929  3677503 5135046  5184636
            2048     256 1140942 1856959  4481379  4751580 4686767 2031771 5119743  2829540  5071381  1984365  2019827 4509611  4643695
            2048     512 1147956 1840251  5044577  5238385 5251194 2202092 4707314  2716781  5119743  2248199  2306143 4572018  4796687
            2048    1024 1079028 1906837  5172149  5267294 5144271 2199836 9062970  2133188  5535444  1542232  2582036 5200329  5169036
            2048    2048 1214673 1903035  5306340  5225638 5222461 2172024 5517666  2233585  5319484  2250555  2056087 5131978  5172149
            4096       4  873546 1573564  3679713  3764373 2915397 1461767 3602551  2360908  3187474  1560415  2649249 3956848  3834958
            4096       8 1396532 1732574  5211065  5664678 4752639 2062457 4730393  3195181  3965067  1622762  3399392 5211065  4807163
            4096      16 1018440 1644351  5225329  4875373 4612286 1998169 4607338  3016231  4540367  1803697  2037749 5556581  5672159
            4096      32 1032518 1859332  4659824  4841028 4581535 1954077 5306022  3381993  5204750  2011740  3562214 4623457  4675041
            4096      64 1070276 1819553  5204750  5291314 5069594 2090820 5257310  3263773  5113352  1900679  204380910190895 10419583
            4096     128 1074762 1709472  5404504  5490871 5402804 2297140 4982841  3129412  9685316  3577048  1983405 5355645  5411313
            4096     256 1056520 1914019  5019235  5184332 5119446 2232367 5019235  2717987  7392988  3427196  1781625 5424983  5625724
            4096     512 1058407 1895436  5151685  4801789 4780411 2050151 6131713  5107271  5877869  2315406  2072909 5196878  4791076
            4096    1024 1048140 1909552  5145513  5101205 5153230 2214241 9227530  4887857  5083093  2005867  2075915 4922872  4824714
            4096    2048 1065827 1822062  4780411  4893426 4858827 2047951 4315676  2182178  5081590  1553782  2326065 5151685  5244471
            4096    4096 1044317 1910401  4487004  4505833 4476482 1911251 5131680  2079181  5151685  2402172  2164855 4929936  5618365
            8192       4  878388 1485132  7788135  7952160 6296676 3076126 3697057  4437634  6267959  3012742  1690116 4231596  4289173
            8192       8  962408 1898558  5371390  5498608 3998198 1760159 4768340  2928768  3869424  1648280  1873301 3992159  4493345
            8192      16  998661 3417585  5181053  5417973 7256842 3884297 4390007  2835475  4183678  1714831  1979725 9427042  9547539
            8192      32 1009725 2038814  5056765  4838850 4533661 1956503 5347148  2996452  4488649  1730811  2012188 4796296  4796296
            8192      64 1025547 1726810 10291026 1054365910306460 4029614 5607184  3053166  5984134  3678455  2022254 5814021  5649594
            8192     128 1541569 1761784  5368033  5498608 5468852 2205119 5201445  3237878  9739691  3571028  1737375 4641448  4622714
            8192     256 1066251 1653913  5117011  5221205 4420506 1862235 5129999  3236658  9276873  3427471  1984986 4686395  5025700
            8192     512 1389630 1493524  4548665  4471708 4442798 1940701 3976911  2505302  7832518  2716226  1916775 4646469  4452008
            8192    1024 1050666 3420647  5557305  5830794 5741161 2607988 4493932  2460099  9447779  3252283  1622517 4511043  4481623
            8192    2048 1063182 1649230  4505719  4561346 4538452 1948625 4592439  2384138  5271672  1831073  1662315 4474037  4518161
            8192    4096 1062656 1695704  5309142  5688881 5110162 3771317 4454317  2225543  9536939  3072550  2219505 4401818  4558925
            8192    8192 1017770 1803205  4824582  4902367 7099404 3961322 4385525  1933058  5097274  1961194  1897614 4411425  4427912
           16384       4  979903 2021469  3524110  3631377 5917050 2825891 3067038  4650810  6019150  2967058  1821019 6569861  6921919
           16384       8  960711 1683524  4443604  4559774 6417699 3536443 4146770  5824767  7926299  3379567  1544472 4311727  4394726
           16384      16 1043959 1804238  4381835  4529718 7373488 3717820 4670725  6014936  8600894  3437726  1711278 4350488  8885596
           16384      32  986161 1585414  4617994  4736724 5680795 3879649 8923673  5128010  7204956  2688996  2151800 4602221  4686652
           16384      64 1146054 3095359  5039634  4868954 4898106 3431203 5540639  6559201  9746329  3615899  2264844 5475740  5622694
           16384     128 1353950 3043134  4480106  4641387 7347471 4089762 8942252  3585899  8480948  3486032  1969897 5251451  5234251
           16384     256 1210856 1934571  4208481  4799246 9072110 3957399 4405431  5215976  8618152  3210019  1931363 7995466  8419641
           16384     512 1079954 2839084  4193329  4927608 9142111 3919479 4057404  2570027  8324784  2935750  1597020 4332113  4389112
           16384    1024 1091256 2462639  4156301  5280100 9127540 3898135 4731180  3106553  5293522  2385280  1560997 4890785  4355176
           16384    2048 1322347 2014005  4818765  4322848 4463229 3172819 4487419  3510608  5314400  1645628  1407672 6462967  6328456
           16384    4096 1031548 1971818  4134296  4321760 4401763 1822275 4172198  4994944  9411299  2738394  1875695 4500939  4227120
           16384    8192 1181583 1452726  5030411  8038488 7843072 3138190 7313846  3944225  4393883  1630749  2696488 6465399  7366374
           16384   16384 1146934 1318642  4161586  5929815 5927769 2456301 3069230  2459378  3096475  2458234  1982627 2947334  3617613
           32768      64 1223737 1869159  4015183  4569447 6920109 2536204 7376577  5119187  7998167  2602280  2048642 4503566  7616960
           32768     128 1350209 2016481  4832286  7236750 7627528 2645559 4456977  6458049  7392050  2477368  1819544 5809700  4735387
           32768     256 1287993 1728013  3749650  6875108 7294749 2651173 3998014  5781351  6822550  2535642  1879332 3685895  6843613
           32768     512 1431912 1807389  3477107  6961470 7230278 2622740 4010379  5445109  6554760  2547864  2027099 3654338  6493749
           32768    1024 1334801 1852556  4332633  6991215 7386885 2635565 4502238  5367491  6061306  2350637  1847327 3873832  6918716
           32768    2048 1413314 1904119  6073896  4297948 4043415 1841930 3799615  5290426  5655503  2317227  1663188 3905091  6870983
           32768    4096 1351643 1732566  3945562  7063798 7195453 2545080 4628227  5160319  5278438  1987151  1573107 3692927  6808355
           32768    8192 1427984 1832353  6663123  6888201 6754817 2475672 3695012  4696711  4830248  2073554  1805300 4715565  6639946
           32768   16384 1514515 1962746  4947619  5045148 5013494 2378297 3488935  2677357  4217884  2376734  2144374 2879158  4967827
           65536      64 1574439 1896130  4768642  7410944 7396785 2286023 5971867  6566003  7394397  2303051  1974147 6592459  7393403
           65536     128 1521614 2159906  5939478  7046741 7050717 2452235 6440920  6577945  7095673  2294591  1969282 4048465  7021899
           65536     256 1507511 2118081  4425747  5019977 6648105 2448674 6128307  5759402  6465615  2262596  1828523 4731784  6576686
           65536     512 1686938 1987867  6135831  6675876 6770257 2447017 6322694  5424243  6347954  2274296  2234220 4259770  6657605
           65536    1024 1633137 1991308  5961117  6732615 6754121 2429413 4551124  5448650  5195118  2134927  1860226 5726646  6479026
           65536    2048 1588331 2156991  5832110  6820316 6835241 2459585 6183172  5367890  5179456  2000060  1780876 4269761  6741697
           65536    4096 1553607 2172934  5293768  6895598 6871637 2249008 5791926  5229115  8601814  2040927  1899261    9468  4296322
           65536    8192 1648000 2206670  6258204  6800574 6708625 2476047 4651237  3644541  7061948  1985641  1863354 4895438  4244575
           65536   16384 1621289 2073723  4600020  4648955 4623308 2329339 3783393  2817416  3839248  1981247  1908121 3381788  4661491
          131072      64 1688766 2129938  6783189  7439305 7258766 2287515 5695074  6565753  7326189  2257373  2188067 5902796  7420728
          131072     128 1685489 2131077  6314836  7167069 7049163 2483034 6353149  6570697  7085686  2219300  2223933 5699325  7158856
          131072     256 1744808 2206562  5414190  6663237 6636612 2466303    6798  5040264  6008076  2244690  2057062 6131164  6672700
          131072     512 1725423 2273890  6278273  6776834 6747887 2505440 5521643  5521144  6781432  2281136  2264505 5478230  6747638
          131072    1024 1835720 2314656  6703047  6823856 6811765 2513711    7615  5522974  5915372  2125762  1979370   10262  4348893
          131072    2048 1810510 2295519  6717134  6879015 5650645 2528731    8526  5522752  6211943  2007684  1943679 5960006  5559052
          131072    4096 1905171 2204925  5657215  6919971 6888324 2507440 5957035  5323541  5866890  1941949  1947459 6007222  6850556
          131072    8192 1768682 2194372  6646964  6827330 6777920 2519748 5671690  5148548  9104207  1760915  1793470 5486431  5706187
          131072   16384 1715580 2212263  4487699  4525044 4508974 2379402    8525  3024977  4077919  1799847  1758769 4123061  4511157
          262144      64 1738980 2204429  7333118  6637085 7276965 2305085 6632201  6606260  7359426  2284515  2269215   10214  5465562
          262144     128 1826252 2330709     6958  5621920 7091481 2494876 6963041  5740082  7168274  2270982  2280605    9763  5655522
          262144     256 1832483 2169779    10852  4903197 5964041 2406866 6553574  5765062  6607768  2247732  2245689 6338747  6728553
          262144     512 1857396 2331514  6090134  6840404 6800634 2519476 6734776  5532918  6778831  2282807  2204208   11083  5154335
          262144    1024 1883206 2340468  6484353  6808424 6876984 2529247 6263139  5345094  6871569  2134407  2114320   11158  5348786
          262144    2048 1896321 2192149    11336  5462358 6739772 2553791 6720780  5445450  6390176  2013610  1980524   11058  5134550
          262144    4096 1905309 2326773    10747  5223040 6790428 2551178 6602134  5405241  5959580  1938104  1909753    9834  4606040
          262144    8192 1859281 2337795  6283720  6850932 6833602 2545060 6657299  5247619  6246593  1765921  1782335   10053  5026825
          262144   16384 1783523 2193216    12146  3914527 4291182 2398324 4178193  2859463  4148837  1720791  1722638    9444  3808626
          524288      64 1876349 2238661    10449  6077020 7081817 2304469 7079719  6189588  7240731  2278840  2257080   10982  5770278
          524288     128 1903885 2339192  6877518  7348944 7189009 2515717 7111981  6596130  7203138  2291007  2286831 7271882  7325613
          524288     256 1920013 2334891    10825  5656479 6649706 2514716 1496221  5784348  6678666  2249640  2261127   10240  5901820
          524288     512 2016352 2347761     9977  5638842 6733906 2543035 6786987  5333450  6783051  2288797  2274587   10925  5450158
          524288    1024 2117035 2383713    10705  5781429 6749076 2550772 6635379  5414075  6498299  2211850  2129027 6381530  6511036
          524288    2048 1950258 2373115    10475  5844785 6728364 2556142 6812913  5451225  6436765  2013016  2002979   10973  5665339
          524288    4096 1937266 2358629  6677206  7008999 6783386 2555655 6665326  5410106  6444122  1930205  1917694   11248  5607410
          524288    8192 1962765 2343532    11448  5695936 6416051 2525714 6784076  5156509  6408142  1820608  1763059 6158904  6788831
          524288   16384 1848447 2236932    11556  3944062 4394778 2392021   10322  3134812  4236673  1665167  1672818 4355055  4445724
         1048576      64 1847577 2527359    10943  6179003 7063015 2320618     711  6611945  6565289  2147115  2093442   10959  6214925
         1048576     128 2167088 2303767    10529  5825066 7108312 2462897 6939983  6547705  7130346  2489567  2235412   10423  6026192
         1048576     256 2069588 2295779    10650  5673838 6681424 2459132 6402617  5859438  6569496  2602759  2211905   10524  5611923
         1048576     512 2202779 2327345    10770  5702596 6643998 2493557 6443450  5528248  6728804  2596340  2231482   10402  5817369
         1048576    1024 1963621 2373449    11215  5757955 6842037 2558451    3140  5431371  6787990  2584348  2135383 6874785  6940027
         1048576    2048 2149853 2390657    10526  5865666 6548192 2670232 6887241  5456472  6762045  2123948  1989553   10663  5849860
         1048576    4096 1978647 2387979    11300  5834269 6807343 2577184 6639965  6433016  6912115  2111930  1913920 6833298  6894269
         1048576    8192 2475562 2401202    11398  5844286 6851374 2579452 6616371  5272799  6785979  1846065  1793479   10324  5729138
         1048576   16384 2278018 2235393    11530  3963951 4355528 2546984   10323  3184779  4399054  1672351  1806556   10978  3910289
         2097152      64 2094125 2333108    10528  6347950 7242820 2283636     820  6520001  6059731  2023606  1974269   10444  5174702
         2097152     128 2211345 2650609    11379  6099757 7150023 2679857    1245  8681593  5628833  2047356  1886014   10462  6115163
         2097152     256 2243689 2425084    10772  5753928 6808559 2947490 6798892  7620330  8564627  2792048  2349113   11116  4869591
         2097152     512 2283012 2414560     9547  5834853 6764566 2941369    2492  5418466  6242694  2139688  2288240   11038  5800577
         2097152    1024 2286673 2449755    10977  5816214 6728284 2894063 6859644  5455977  6739357  2104222  2115205   11043  5926668
         2097152    2048 1984589 2376739    11342  5925063 6886857 2908183 6909323  7078445  8774920  2478149  2147036   10520  5139109
         2097152    4096 2319889 2609241    11384  5907986 6790505 2856712 6898821  6639017  8839345  2383067  2074794   11311  5916252
         2097152    8192 1982968 2386675    11316  5918724 6856462 2950344    8276  5258481  5321870  1771773  1631917   11055  4595965
         2097152   16384 1887909 2320343    11485  4147723 5238021 2916867   10028  2574231  3764395  1610720  1493662   11032  3552959
         4194304      64 2212170 2496297     9704  6392314 8317642 2782006     989  8480864  5970522  2086081  2066047   10786  6355795
         4194304     128 2447643 2602309    10540  6032305 8182138 2912852 7118740  6512144  7002116  2224713  2494984    8985  6189759
         4194304     256 2405793 2688184    11063  5209519 6571855 2613251    1869  7520998  5517936  2072886  1985453    9167  5535441
         4194304     512 2404732 2689223     9957  5929350 8577149 3071242    2524  7173197  8129033  2675767  2457072   10847  5917871
         4194304    1024 1994478 2778332    10187  5937609 6859255 2512430    3540  5431192  5166283  1738633  1737798    9990  5597457
         4194304    2048 1993078 2397095    10380  6004677 6918279 2539845    5419  6604891  8800507  2473520  1999040   10610  4226833
         4194304    4096 2327837 2385657    10761  5984414 8107208 3115921    8345  6591260  8754697  2373235  2237051   11087  5967982
         4194304    8192 1985972 2353802    10872  5958605 8118881 3124278    8375  5533455  6855241  1775407  1779461   10782  5999971
         

iozone: interrupted

Excel output is below:

"Writer report"
        "4"  "8"  "16"  "32"  "64"  "128"  "256"  "512"  "1024"  "2048"  "4096"  "8192"  "16384"
"64"   467002  760859  799377  818885  852702 
"128"   753179  895074  934004  901083  1663139  857887 
"256"   785584  985259  988889  1108314  999940  1319408  1012194 
"512"   948197  982917  982917  1537424  1541840  1451192  1019791  1075459 
"1024"   966071  1078919  1020956  1153071  1072185  1061060  1129123  1128826  1061060 
"2048"   860904  1003519  1103423  1082427  1067230  1115459  1140942  1147956  1079028  1214673 
"4096"   873546  1396532  1018440  1032518  1070276  1074762  1056520  1058407  1048140  1065827  1044317 
"8192"   878388  962408  998661  1009725  1025547  1541569  1066251  1389630  1050666  1063182  1062656  1017770 
"16384"   979903  960711  1043959  986161  1146054  1353950  1210856  1079954  1091256  1322347  1031548  1181583  1146934 
"32768"   0  0  0  0  1223737  1350209  1287993  1431912  1334801  1413314  1351643  1427984  1514515 
"65536"   0  0  0  0  1574439  1521614  1507511  1686938  1633137  1588331  1553607  1648000  1621289 
"131072"   0  0  0  0  1688766  1685489  1744808  1725423  1835720  1810510  1905171  1768682  1715580 
"262144"   0  0  0  0  1738980  1826252  1832483  1857396  1883206  1896321  1905309  1859281  1783523 
"524288"   0  0  0  0  1876349  1903885  1920013  2016352  2117035  1950258  1937266  1962765  1848447 
"1048576"   0  0  0  0  1847577  2167088  2069588  2202779  1963621  2149853  1978647  2475562  2278018 
"2097152"   0  0  0  0  2094125  2211345  2243689  2283012  2286673  1984589  2319889  1982968  1887909 
"4194304"   0  0  0  0  2212170  2447643  2405793  2404732  1994478  1993078  2327837  1985972  1894181 

"Re-writer report"
        "4"  "8"  "16"  "32"  "64"  "128"  "256"  "512"  "1024"  "2048"  "4096"  "8192"  "16384"
"64"   1017549  863676  1330167  987600  1255511 
"128"   1319723  2985839  1373754  1421023  2985839  1455701 
"256"   1523457  1413179  1368162  1610276  3123106  1561112  3123106 
"512"   1604029  1741948  2449212  1783912  1821745  1801873  3264616  3081897 
"1024"   1357961  1914144  1848247  2073055  2024203  2085132  1861867  2019445  1813136 
"2048"   1630338  1840251  1889224  1928672  1948358  1948358  1856959  1840251  1906837  1903035 
"4096"   1573564  1732574  1644351  1859332  1819553  1709472  1914019  1895436  1909552  1822062  1910401 
"8192"   1485132  1898558  3417585  2038814  1726810  1761784  1653913  1493524  3420647  1649230  1695704  1803205 
"16384"   2021469  1683524  1804238  1585414  3095359  3043134  1934571  2839084  2462639  2014005  1971818  1452726  1318642 
"32768"   0  0  0  0  1869159  2016481  1728013  1807389  1852556  1904119  1732566  1832353  1962746 
"65536"   0  0  0  0  1896130  2159906  2118081  1987867  1991308  2156991  2172934  2206670  2073723 
"131072"   0  0  0  0  2129938  2131077  2206562  2273890  2314656  2295519  2204925  2194372  2212263 
"262144"   0  0  0  0  2204429  2330709  2169779  2331514  2340468  2192149  2326773  2337795  2193216 
"524288"   0  0  0  0  2238661  2339192  2334891  2347761  2383713  2373115  2358629  2343532  2236932 
"1048576"   0  0  0  0  2527359  2303767  2295779  2327345  2373449  2390657  2387979  2401202  2235393 
"2097152"   0  0  0  0  2333108  2650609  2425084  2414560  2449755  2376739  2609241  2386675  2320343 
"4194304"   0  0  0  0  2496297  2602309  2688184  2689223  2778332  2397095  2385657  2353802  2485467 

"Reader report"
        "4"  "8"  "16"  "32"  "64"  "128"  "256"  "512"  "1024"  "2048"  "4096"  "8192"  "16384"
"64"   2467108  4018152  3738358  4564786  4988978 
"128"   3657016  9129573  4267461  4557257  9795896  4759253 
"256"   7735574  4652146  9518507  4572895  6554972  6249745  9114515 
"512"   4099771  4732165  5278892  5566231  5744919  5624545  4262523  5566231 
"1024"   7472033  5472650  5071963  5251818  5507740  8750850  5120336  4995276  5277632 
"2048"   4293237  7470770  5119743  5475461  5475461  5044577  4481379  5044577  5172149  5306340 
"4096"   3679713  5211065  5225329  4659824  5204750  5404504  5019235  5151685  5145513  4780411  4487004 
"8192"   7788135  5371390  5181053  5056765  10291026  5368033  5117011  4548665  5557305  4505719  5309142  4824582 
"16384"   3524110  4443604  4381835  4617994  5039634  4480106  4208481  4193329  4156301  4818765  4134296  5030411  4161586 
"32768"   0  0  0  0  4015183  4832286  3749650  3477107  4332633  6073896  3945562  6663123  4947619 
"65536"   0  0  0  0  4768642  5939478  4425747  6135831  5961117  5832110  5293768  6258204  4600020 
"131072"   0  0  0  0  6783189  6314836  5414190  6278273  6703047  6717134  5657215  6646964  4487699 
"262144"   0  0  0  0  7333118  6958  10852  6090134  6484353  11336  10747  6283720  12146 
"524288"   0  0  0  0  10449  6877518  10825  9977  10705  10475  6677206  11448  11556 
"1048576"   0  0  0  0  10943  10529  10650  10770  11215  10526  11300  11398  11530 
"2097152"   0  0  0  0  10528  11379  10772  9547  10977  11342  11384  11316  11485 
"4194304"   0  0  0  0  9704  10540  11063  9957  10187  10380  10761  10872  0 

"Re-Reader report"
        "4"  "8"  "16"  "32"  "64"  "128"  "256"  "512"  "1024"  "2048"  "4096"  "8192"  "16384"
"64"   3738358  4897948  4564786  4988978  5860307 
"128"   4012317  10567140  4596273  4934216  11470204  5074121 
"256"   7965107  3935921  10245071  10245071  4929815  10651598  9778562 
"512"   4485083  5566231  5822804  5684095  5886650  5684095  5227492  5744919 
"1024"   7631350  5277632  4898425  5690162  5958564  8988941  4972145  5303701  5144870 
"2048"   4472047  6261772  4934459  5564129  5920802  5659442  4751580  5238385  5267294  5225638 
"4096"   3764373  5664678  4875373  4841028  5291314  5490871  5184332  4801789  5101205  4893426  4505833 
"8192"   7952160  5498608  5417973  4838850  10543659  5498608  5221205  4471708  5830794  4561346  5688881  4902367 
"16384"   3631377  4559774  4529718  4736724  4868954  4641387  4799246  4927608  5280100  4322848  4321760  8038488  5929815 
"32768"   0  0  0  0  4569447  7236750  6875108  6961470  6991215  4297948  7063798  6888201  5045148 
"65536"   0  0  0  0  7410944  7046741  5019977  6675876  6732615  6820316  6895598  6800574  4648955 
"131072"   0  0  0  0  7439305  7167069  6663237  6776834  6823856  6879015  6919971  6827330  4525044 
"262144"   0  0  0  0  6637085  5621920  4903197  6840404  6808424  5462358  5223040  6850932  3914527 
"524288"   0  0  0  0  6077020  7348944  5656479  5638842  5781429  5844785  7008999  5695936  3944062 
"1048576"   0  0  0  0  6179003  5825066  5673838  5702596  5757955  5865666  5834269  5844286  3963951 
"2097152"   0  0  0  0  6347950  6099757  5753928  5834853  5816214  5925063  5907986  5918724  4147723 
"4194304"   0  0  0  0  6392314  6032305  5209519  5929350  5937609  6004677  5984414  5958605  0 

"Random read report"
        "4"  "8"  "16"  "32"  "64"  "128"  "256"  "512"  "1024"  "2048"  "4096"  "8192"  "16384"
"64"   2561267  3203069  2772930  3791156  3958892 
"128"   2843510  7476717  3867787  4012317  6406138  4267461 
"256"   5320671  3557725  8815202  8815202  6073004  9518507  6073004 
"512"   3284589  4340054  4973263  4927617  4827914  5278892  5079126  5227492 
"1024"   6441107  4531485  5018624  5303701  5444898  6128613  4943530  4898425  5226256 
"2048"   3506373  6629029  4581773  5187767  5461535  5389574  4686767  5251194  5144271  5222461 
"4096"   2915397  4752639  4612286  4581535  5069594  5402804  5119446  4780411  5153230  4858827  4476482 
"8192"   6296676  3998198  7256842  4533661  10306460  5468852  4420506  4442798  5741161  4538452  5110162  7099404 
"16384"   5917050  6417699  7373488  5680795  4898106  7347471  9072110  9142111  9127540  4463229  4401763  7843072  5927769 
"32768"   0  0  0  0  6920109  7627528  7294749  7230278  7386885  4043415  7195453  6754817  5013494 
"65536"   0  0  0  0  7396785  7050717  6648105  6770257  6754121  6835241  6871637  6708625  4623308 
"131072"   0  0  0  0  7258766  7049163  6636612  6747887  6811765  5650645  6888324  6777920  4508974 
"262144"   0  0  0  0  7276965  7091481  5964041  6800634  6876984  6739772  6790428  6833602  4291182 
"524288"   0  0  0  0  7081817  7189009  6649706  6733906  6749076  6728364  6783386  6416051  4394778 
"1048576"   0  0  0  0  7063015  7108312  6681424  6643998  6842037  6548192  6807343  6851374  4355528 
"2097152"   0  0  0  0  7242820  7150023  6808559  6764566  6728284  6886857  6790505  6856462  5238021 
"4194304"   0  0  0  0  8317642  8182138  6571855  8577149  6859255  6918279  8107208  8118881  0 

"Random write report"
        "4"  "8"  "16"  "32"  "64"  "128"  "256"  "512"  "1024"  "2048"  "4096"  "8192"  "16384"
"64"   1163036  1336792  1002351  1526887  1526887 
"128"   1391557  2132084  1598754  1727352  2511022  3657016 
"256"   1814348  1662639  3756894  3770085  2509882  3879045  2563818 
"512"   1635797  1882427  2141475  2116152  2265742  2307123  2198475  2265742 
"1024"   2976816  2020395  2098375  2183727  2333199  2813041  2173780  2182617  2011877 
"2048"   1734357  2892423  1988500  2235910  2296279  2298737  2031771  2202092  2199836  2172024 
"4096"   1461767  2062457  1998169  1954077  2090820  2297140  2232367  2050151  2214241  2047951  1911251 
"8192"   3076126  1760159  3884297  1956503  4029614  2205119  1862235  1940701  2607988  1948625  3771317  3961322 
"16384"   2825891  3536443  3717820  3879649  3431203  4089762  3957399  3919479  3898135  3172819  1822275  3138190  2456301 
"32768"   0  0  0  0  2536204  2645559  2651173  2622740  2635565  1841930  2545080  2475672  2378297 
"65536"   0  0  0  0  2286023  2452235  2448674  2447017  2429413  2459585  2249008  2476047  2329339 
"131072"   0  0  0  0  2287515  2483034  2466303  2505440  2513711  2528731  2507440  2519748  2379402 
"262144"   0  0  0  0  2305085  2494876  2406866  2519476  2529247  2553791  2551178  2545060  2398324 
"524288"   0  0  0  0  2304469  2515717  2514716  2543035  2550772  2556142  2555655  2525714  2392021 
"1048576"   0  0  0  0  2320618  2462897  2459132  2493557  2558451  2670232  2577184  2579452  2546984 
"2097152"   0  0  0  0  2283636  2679857  2947490  2941369  2894063  2908183  2856712  2950344  2916867 
"4194304"   0  0  0  0  2782006  2912852  2613251  3071242  2512430  2539845  3115921  3124278  0 

"Backward read report"
        "4"  "8"  "16"  "32"  "64"  "128"  "256"  "512"  "1024"  "2048"  "4096"  "8192"  "16384"
"64"   1828508  2467108  4897948  5735102  5860307 
"128"   5325799  3982553  2969325  6406138  4407601  3657016 
"256"   3511189  3499745  4332998  5242734  4907284  5687020  4264168 
"512"   3437042  4204110  4650188  4871723  4827914  8955098  8394979  4784885 
"1024"   3908759  4265934  4926518  5330028  5479632  5219904  4526709  4995276  4854136 
"2048"   3592903  4653758  4451191  5319484  5447681  5095447  5119743  4707314  9062970  5517666 
"4096"   3602551  4730393  4607338  5306022  5257310  4982841  5019235  6131713  9227530  4315676  5131680 
"8192"   3697057  4768340  4390007  5347148  5607184  5201445  5129999  3976911  4493932  4592439  4454317  4385525 
"16384"   3067038  4146770  4670725  8923673  5540639  8942252  4405431  4057404  4731180  4487419  4172198  7313846  3069230 
"32768"   0  0  0  0  7376577  4456977  3998014  4010379  4502238  3799615  4628227  3695012  3488935 
"65536"   0  0  0  0  5971867  6440920  6128307  6322694  4551124  6183172  5791926  4651237  3783393 
"131072"   0  0  0  0  5695074  6353149  6798  5521643  7615  8526  5957035  5671690  8525 
"262144"   0  0  0  0  6632201  6963041  6553574  6734776  6263139  6720780  6602134  6657299  4178193 
"524288"   0  0  0  0  7079719  7111981  1496221  6786987  6635379  6812913  6665326  6784076  10322 
"1048576"   0  0  0  0  711  6939983  6402617  6443450  3140  6887241  6639965  6616371  10323 
"2097152"   0  0  0  0  820  1245  6798892  2492  6859644  6909323  6898821  8276  10028 
"4194304"   0  0  0  0  989  7118740  1869  2524  3540  5419  8345  8375  0 

"Record rewrite report"
        "4"  "8"  "16"  "32"  "64"  "128"  "256"  "512"  "1024"  "2048"  "4096"  "8192"  "16384"
"64"   1638743  1947927  3791156  3738358  2801873 
"128"   4104338  3053774  2166499  4407601  1911894  2409592 
"256"   2392442  2392442  2842047  2097948  3043436  2911402  1956506 
"512"   2413429  2830083  2830083  2782414  2906696  5331314  4340054  2009236 
"1024"   2094282  3066069  3066069  3458646  3366474  3241960  2715230  2504637  2159571 
"2048"   2540795  2968386  2142232  3319389  3351769  3281349  2829540  2716781  2133188  2233585 
"4096"   2360908  3195181  3016231  3381993  3263773  3129412  2717987  5107271  4887857  2182178  2079181 
"8192"   4437634  2928768  2835475  2996452  3053166  3237878  3236658  2505302  2460099  2384138  2225543  1933058 
"16384"   4650810  5824767  6014936  5128010  6559201  3585899  5215976  2570027  3106553  3510608  4994944  3944225  2459378 
"32768"   0  0  0  0  5119187  6458049  5781351  5445109  5367491  5290426  5160319  4696711  2677357 
"65536"   0  0  0  0  6566003  6577945  5759402  5424243  5448650  5367890  5229115  3644541  2817416 
"131072"   0  0  0  0  6565753  6570697  5040264  5521144  5522974  5522752  5323541  5148548  3024977 
"262144"   0  0  0  0  6606260  5740082  5765062  5532918  5345094  5445450  5405241  5247619  2859463 
"524288"   0  0  0  0  6189588  6596130  5784348  5333450  5414075  5451225  5410106  5156509  3134812 
"1048576"   0  0  0  0  6611945  6547705  5859438  5528248  5431371  5456472  6433016  5272799  3184779 
"2097152"   0  0  0  0  6520001  8681593  7620330  5418466  5455977  7078445  6639017  5258481  2574231 
"4194304"   0  0  0  0  8480864  6512144  7520998  7173197  5431192  6604891  6591260  5533455  0 

"Stride read report"
        "4"  "8"  "16"  "32"  "64"  "128"  "256"  "512"  "1024"  "2048"  "4096"  "8192"  "16384"
"64"   3057153  3541098  9006179  7940539  7100397 
"128"   3895854  6114306  4407601  6727225  4934216  5122535 
"256"   3654598  3043436  5810112  5717301  5971678  5022044  4929815 
"512"   3437042  4228947  4827914  5509113  6246213  8394979  7758090  5115422 
"1024"   3020783  4694950  4949226  5018624  6569179  6244448  5303701  4898425  4943530 
"2048"   3500658  4394265  4572018  5041616  5535444  6024617  5071381  5119743  5535444  5319484 
"4096"   3187474  3965067  4540367  5204750  5113352  9685316  7392988  5877869  5083093  5081590  5151685 
"8192"   6267959  3869424  4183678  4488649  5984134  9739691  9276873  7832518  9447779  5271672  9536939  5097274 
"16384"   6019150  7926299  8600894  7204956  9746329  8480948  8618152  8324784  5293522  5314400  9411299  4393883  3096475 
"32768"   0  0  0  0  7998167  7392050  6822550  6554760  6061306  5655503  5278438  4830248  4217884 
"65536"   0  0  0  0  7394397  7095673  6465615  6347954  5195118  5179456  8601814  7061948  3839248 
"131072"   0  0  0  0  7326189  7085686  6008076  6781432  5915372  6211943  5866890  9104207  4077919 
"262144"   0  0  0  0  7359426  7168274  6607768  6778831  6871569  6390176  5959580  6246593  4148837 
"524288"   0  0  0  0  7240731  7203138  6678666  6783051  6498299  6436765  6444122  6408142  4236673 
"1048576"   0  0  0  0  6565289  7130346  6569496  6728804  6787990  6762045  6912115  6785979  4399054 
"2097152"   0  0  0  0  6059731  5628833  8564627  6242694  6739357  8774920  8839345  5321870  3764395 
"4194304"   0  0  0  0  5970522  7002116  5517936  8129033  5166283  8800507  8754697  6855241  0 

"Fwrite report"
        "4"  "8"  "16"  "32"  "64"  "128"  "256"  "512"  "1024"  "2048"  "4096"  "8192"  "16384"
"64"   1101022  1163036  2561267  2689580  3363612 
"128"   1705404  2066432  1363288  2558895  1440082  2202044 
"256"   1778290  1579483  1938842  2205688  2305128  1881098  2114473 
"512"   1560891  1701913  1861217  2032051  2073249  3259661  2548017  2178404 
"1024"   1397280  1723636  1928757  1995982  2068064  2150918  2255990  1815435  2182617 
"2048"   1542232  1754908  1818820  2005679  2060526  2017929  1984365  2248199  1542232  2250555 
"4096"   1560415  1622762  1803697  2011740  1900679  3577048  3427196  2315406  2005867  1553782  2402172 
"8192"   3012742  1648280  1714831  1730811  3678455  3571028  3427471  2716226  3252283  1831073  3072550  1961194 
"16384"   2967058  3379567  3437726  2688996  3615899  3486032  3210019  2935750  2385280  1645628  2738394  1630749  2458234 
"32768"   0  0  0  0  2602280  2477368  2535642  2547864  2350637  2317227  1987151  2073554  2376734 
"65536"   0  0  0  0  2303051  2294591  2262596  2274296  2134927  2000060  2040927  1985641  1981247 
"131072"   0  0  0  0  2257373  2219300  2244690  2281136  2125762  2007684  1941949  1760915  1799847 
"262144"   0  0  0  0  2284515  2270982  2247732  2282807  2134407  2013610  1938104  1765921  1720791 
"524288"   0  0  0  0  2278840  2291007  2249640  2288797  2211850  2013016  1930205  1820608  1665167 
"1048576"   0  0  0  0  2147115  2489567  2602759  2596340  2584348  2123948  2111930  1846065  1672351 
"2097152"   0  0  0  0  2023606  2047356  2792048  2139688  2104222  2478149  2383067  1771773  1610720 
"4194304"   0  0  0  0  2086081  2224713  2072886  2675767  1738633  2473520  2373235  1775407  0 

"Re-Fwrite report"
        "4"  "8"  "16"  "32"  "64"  "128"  "256"  "512"  "1024"  "2048"  "4096"  "8192"  "16384"
"64"   1168097  1452528  2278628  3203069  2444640 
"128"   1732927  1727352  1622919  2248149  2784517  1967960 
"256"   1570244  1455317  1985448  1894373  1911233  2486631  2097948 
"512"   2391924  3068685  1940253  1954379  2116152  2474613  3177664  2065273 
"1024"   1805514  1932227  1973059  2010935  2051273  2138070  2265510  3029305  2146618 
"2048"   1643438  1815360  1779262  1988500  2033695  3677503  2019827  2306143  2582036  2056087 
"4096"   2649249  3399392  2037749  3562214  2043809  1983405  1781625  2072909  2075915  2326065  2164855 
"8192"   1690116  1873301  1979725  2012188  2022254  1737375  1984986  1916775  1622517  1662315  2219505  1897614 
"16384"   1821019  1544472  1711278  2151800  2264844  1969897  1931363  1597020  1560997  1407672  1875695  2696488  1982627 
"32768"   0  0  0  0  2048642  1819544  1879332  2027099  1847327  1663188  1573107  1805300  2144374 
"65536"   0  0  0  0  1974147  1969282  1828523  2234220  1860226  1780876  1899261  1863354  1908121 
"131072"   0  0  0  0  2188067  2223933  2057062  2264505  1979370  1943679  1947459  1793470  1758769 
"262144"   0  0  0  0  2269215  2280605  2245689  2204208  2114320  1980524  1909753  1782335  1722638 
"524288"   0  0  0  0  2257080  2286831  2261127  2274587  2129027  2002979  1917694  1763059  1672818 
"1048576"   0  0  0  0  2093442  2235412  2211905  2231482  2135383  1989553  1913920  1793479  1806556 
"2097152"   0  0  0  0  1974269  1886014  2349113  2288240  2115205  2147036  2074794  1631917  1493662 
"4194304"   0  0  0  0  2066047  2494984  1985453  2457072  1737798  1999040  2237051  1779461  0 

"Fread report"
        "4"  "8"  "16"  "32"  "64"  "128"  "256"  "512"  "1024"  "2048"  "4096"  "8192"  "16384"
"64"   2298136  3203069  5283570  5735102  6271021 
"128"   4135958  2920861  4104338  5122535  4934216  2784517 
"256"   3756894  4332998  5142301  5117791  5347168  3605511  5022044 
"512"   4340054  5509113  5177083  4701087  5509113  4827914  5127637  5115422 
"1024"   5336651  5277632  5018624  5226256  5720477  5444898  5175871  4995276  5018624 
"2048"   3969827  5107566  4581773  5107566  5172149  5135046  4509611  4572018  5200329  5131978 
"4096"   3956848  5211065  5556581  4623457  10190895  5355645  5424983  5196878  4922872  5151685  4929936 
"8192"   4231596  3992159  9427042  4796296  5814021  4641448  4686395  4646469  4511043  4474037  4401818  4411425 
"16384"   6569861  4311727  4350488  4602221  5475740  5251451  7995466  4332113  4890785  6462967  4500939  6465399  2947334 
"32768"   0  0  0  0  4503566  5809700  3685895  3654338  3873832  3905091  3692927  4715565  2879158 
"65536"   0  0  0  0  6592459  4048465  4731784  4259770  5726646  4269761  9468  4895438  3381788 
"131072"   0  0  0  0  5902796  5699325  6131164  5478230  10262  5960006  6007222  5486431  4123061 
"262144"   0  0  0  0  10214  9763  6338747  11083  11158  11058  9834  10053  9444 
"524288"   0  0  0  0  10982  7271882  10240  10925  6381530  10973  11248  6158904  4355055 
"1048576"   0  0  0  0  10959  10423  10524  10402  6874785  10663  6833298  10324  10978 
"2097152"   0  0  0  0  10444  10462  11116  11038  11043  10520  11311  11055  11032 
"4194304"   0  0  0  0  10786  8985  9167  10847  9990  10610  11087  10782  0 

"Re-Fread report"
        "4"  "8"  "16"  "32"  "64"  "128"  "256"  "512"  "1024"  "2048"  "4096"  "8192"  "16384"
"64"   3022727  3738358  5735102  4897948  7100397 
"128"   4444086  4934216  2286447  9287508  5325799  5325799 
"256"   3879045  4264168  5217259  5347168  4572895  4264168  4132864 
"512"   4457157  4742616  5278892  5453155  4411377  4420457  5227492  5214798 
"1024"   5690162  4926518  4715569  5536137  5444898  5564829  4898425  5277632  5194651 
"2048"   3835124  4741090  8857376  5492967  4923146  5184636  4643695  4796687  5169036  5172149 
"4096"   3834958  4807163  5672159  4675041  10419583  5411313  5625724  4791076  4824714  5244471  5618365 
"8192"   4289173  4493345  9547539  4796296  5649594  4622714  5025700  4452008  4481623  4518161  4558925  4427912 
"16384"   6921919  4394726  8885596  4686652  5622694  5234251  8419641  4389112  4355176  6328456  4227120  7366374  3617613 
"32768"   0  0  0  0  7616960  4735387  6843613  6493749  6918716  6870983  6808355  6639946  4967827 
"65536"   0  0  0  0  7393403  7021899  6576686  6657605  6479026  6741697  4296322  4244575  4661491 
"131072"   0  0  0  0  7420728  7158856  6672700  6747638  4348893  5559052  6850556  5706187  4511157 
"262144"   0  0  0  0  5465562  5655522  6728553  5154335  5348786  5134550  4606040  5026825  3808626 
"524288"   0  0  0  0  5770278  7325613  5901820  5450158  6511036  5665339  5607410  6788831  4445724 
"1048576"   0  0  0  0  6214925  6026192  5611923  5817369  6940027  5849860  6894269  5729138  3910289 
"2097152"   0  0  0  0  5174702  6115163  4869591  5800577  5926668  5139109  5916252  4595965  3552959 
"4194304"   0  0  0  0  6355795  6189759  5535441  5917871  5597457  4226833  5967982  5999971  0 
exiting iozone

