"Dstat 0.7.2 CSV output"
"Author:","Dag Wieers <dag@wieers.com>",,,,"URL:","http://dag.wieers.com/home-made/dstat/"
"Host:","compute-641-20.local",,,,"User:","pg27752"
"Cmdline:","dstat -cdmrn --integer --output OMP_dstat.txt",,,,"Date:","24 Mar 2015 15:21:27 WET"

"total cpu usage",,,,,,"dsk/total",,"memory usage",,,,"io/total",,"net/total",
"usr","sys","idl","wai","hiq","siq","read","writ","used","buff","cach","free","read","writ","recv","send"
33.620,0.609,65.619,0.141,0.000,0.012,3954.719,48737.480,1601187840.0,139960320.0,73379840.0,65844006912.0,0.251,3.854,0.0,0.0
95.315,0.125,4.560,0.0,0.0,0.0,0.0,0.0,1601310720.0,139960320.0,73383936.0,65843879936.0,0.0,0.0,0.0,0.0
95.875,0.062,4.062,0.0,0.0,0.0,0.0,0.0,1601310720.0,139960320.0,73383936.0,65843879936.0,0.0,0.0,2517.0,6548.0
96.280,0.094,3.626,0.0,0.0,0.0,0.0,0.0,1601183744.0,139960320.0,73383936.0,65844006912.0,0.0,0.0,0.0,0.0
96.499,0.125,3.376,0.0,0.0,0.0,0.0,0.0,1600671744.0,139960320.0,73383936.0,65844518912.0,0.0,0.0,653.0,4483.0
96.655,0.094,3.251,0.0,0.0,0.0,0.0,0.0,1600671744.0,139960320.0,73383936.0,65844518912.0,0.0,0.0,0.0,0.0
96.656,0.062,3.281,0.0,0.0,0.0,0.0,0.0,1600544768.0,139960320.0,73383936.0,65844645888.0,0.0,0.0,924.0,897.0
96.592,0.094,3.315,0.0,0.0,0.0,0.0,0.0,1600643072.0,139960320.0,73383936.0,65844547584.0,0.0,0.0,0.0,0.0
96.531,0.094,3.375,0.0,0.0,0.0,0.0,0.0,1600507904.0,139960320.0,73383936.0,65844682752.0,0.0,0.0,1653.0,5677.0
96.560,0.063,3.377,0.0,0.0,0.0,0.0,0.0,1600499712.0,139960320.0,73383936.0,65844690944.0,0.0,0.0,0.0,0.0
96.472,0.156,3.372,0.0,0.0,0.0,0.0,0.0,1600638976.0,139960320.0,73388032.0,65844547584.0,0.0,0.0,1847.0,5523.0
96.532,0.062,3.405,0.0,0.0,0.0,0.0,0.0,1600638976.0,139960320.0,73388032.0,65844547584.0,0.0,0.0,0.0,0.0
96.123,0.094,3.784,0.0,0.0,0.0,0.0,0.0,1600643072.0,139960320.0,73392128.0,65844539392.0,0.0,0.0,120.0,0.0
92.084,0.156,7.760,0.0,0.0,0.0,0.0,0.0,1600626688.0,139960320.0,73396224.0,65844551680.0,0.0,0.0,0.0,0.0
96.689,0.062,3.249,0.0,0.0,0.0,0.0,0.0,1600634880.0,139960320.0,73396224.0,65844543488.0,0.0,0.0,991.0,4897.0
96.654,0.063,3.283,0.0,0.0,0.0,0.0,0.0,1600630784.0,139960320.0,73400320.0,65844543488.0,0.0,0.0,0.0,0.0
96.374,0.156,3.470,0.0,0.0,0.0,0.0,8192.0,1600499712.0,139960320.0,73404416.0,65844670464.0,0.0,2.0,66.0,4070.0
96.561,0.063,3.376,0.0,0.0,0.0,0.0,0.0,1600499712.0,139960320.0,73408512.0,65844666368.0,0.0,0.0,0.0,0.0
96.561,0.094,3.345,0.0,0.0,0.0,0.0,0.0,1600499712.0,139960320.0,73408512.0,65844666368.0,0.0,0.0,266.0,134.0
96.155,0.125,3.720,0.0,0.0,0.0,0.0,0.0,1600749568.0,139960320.0,73412608.0,65844412416.0,0.0,0.0,0.0,0.0
96.748,0.031,3.221,0.0,0.0,0.0,0.0,0.0,1600745472.0,139960320.0,73416704.0,65844412416.0,0.0,0.0,2853.0,5952.0
95.496,0.125,4.348,0.0,0.0,0.031,0.0,0.0,1600741376.0,139960320.0,73420800.0,65844412416.0,0.0,0.0,0.0,0.0
96.720,0.156,3.124,0.0,0.0,0.0,0.0,0.0,1600552960.0,139960320.0,73420800.0,65844600832.0,0.0,0.0,4626.0,8410.0
97.155,0.063,2.782,0.0,0.0,0.0,0.0,0.0,1600548864.0,139960320.0,73424896.0,65844600832.0,0.0,0.0,0.0,0.0
97.186,0.031,2.783,0.0,0.0,0.0,0.0,0.0,1600528384.0,139960320.0,73428992.0,65844617216.0,0.0,0.0,399.0,204.0
97.030,0.125,2.845,0.0,0.0,0.0,0.0,0.0,1600413696.0,139960320.0,73433088.0,65844727808.0,0.0,0.0,0.0,0.0
97.218,0.063,2.720,0.0,0.0,0.0,0.0,0.0,1600405504.0,139960320.0,73433088.0,65844736000.0,0.0,0.0,66.0,6494.0
97.217,0.063,2.720,0.0,0.0,0.0,0.0,0.0,1600409600.0,139960320.0,73437184.0,65844727808.0,0.0,0.0,0.0,0.0
97.124,0.125,2.751,0.0,0.0,0.0,0.0,0.0,1600278528.0,139960320.0,73441280.0,65844854784.0,0.0,0.0,1380.0,5112.0
97.030,0.094,2.876,0.0,0.0,0.0,0.0,0.0,1600274432.0,139960320.0,73445376.0,65844854784.0,0.0,0.0,0.0,0.0
97.030,0.094,2.876,0.0,0.0,0.0,0.0,0.0,1600274432.0,139960320.0,73445376.0,65844854784.0,0.0,0.0,743.0,572.0
96.530,0.156,3.314,0.0,0.0,0.0,0.0,12288.0,1600241664.0,139960320.0,73449472.0,65844883456.0,0.0,3.0,0.0,0.0
97.096,0.094,2.811,0.0,0.0,0.0,0.0,0.0,1593946112.0,139960320.0,73453568.0,65851174912.0,0.0,0.0,864.0,4732.0
97.125,0.062,2.812,0.0,0.0,0.0,0.0,0.0,1593937920.0,139960320.0,73457664.0,65851179008.0,0.0,0.0,0.0,0.0
96.777,0.156,3.066,0.0,0.0,0.0,0.0,0.0,1593933824.0,139960320.0,73461760.0,65851179008.0,0.0,0.0,1650.0,9614.0
97.063,0.094,2.812,0.0,0.0,0.031,0.0,0.0,1593929728.0,139960320.0,73465856.0,65851179008.0,0.0,0.0,0.0,0.0
97.092,0.063,2.846,0.0,0.0,0.0,0.0,0.0,1593925632.0,139960320.0,73469952.0,65851179008.0,0.0,0.0,1388.0,1022.0
95.906,0.125,3.969,0.0,0.0,0.0,0.0,0.0,1594060800.0,139960320.0,73469952.0,65851043840.0,0.0,0.0,0.0,0.0
96.906,0.062,3.031,0.0,0.0,0.0,0.0,0.0,1594056704.0,139960320.0,73474048.0,65851043840.0,0.0,0.0,707.0,3427.0
96.842,0.063,3.096,0.0,0.0,0.0,0.0,0.0,1594052608.0,139960320.0,73478144.0,65851043840.0,0.0,0.0,0.0,0.0
95.935,0.156,3.909,0.0,0.0,0.0,0.0,0.0,1594044416.0,139960320.0,73486336.0,65851043840.0,0.0,0.0,3211.0,5494.0
96.998,0.031,2.971,0.0,0.0,0.0,0.0,0.0,1594044416.0,139960320.0,73486336.0,65851043840.0,0.0,0.0,0.0,0.0
96.938,0.062,3.0,0.0,0.0,0.0,0.0,0.0,1594040320.0,139960320.0,73490432.0,65851043840.0,0.0,0.0,375.0,494.0
96.498,0.156,3.346,0.0,0.0,0.0,0.0,0.0,1594163200.0,139960320.0,73494528.0,65850916864.0,0.0,0.0,0.0,0.0
96.967,0.063,2.971,0.0,0.0,0.0,0.0,0.0,1594134528.0,139960320.0,73498624.0,65850941440.0,0.0,0.0,1385.0,107010.0
96.968,0.063,2.970,0.0,0.0,0.0,0.0,0.0,1594269696.0,139960320.0,73498624.0,65850806272.0,0.0,0.0,0.0,0.0
96.311,0.125,3.564,0.0,0.0,0.0,0.0,0.0,1594142720.0,139960320.0,73502720.0,65850929152.0,0.0,0.0,756.0,4694.0
96.970,0.062,2.968,0.0,0.0,0.0,0.0,0.0,1594269696.0,139960320.0,73510912.0,65850793984.0,0.0,0.0,0.0,0.0
96.968,0.063,2.938,0.0,0.0,0.031,0.0,0.0,1594261504.0,139960320.0,73519104.0,65850793984.0,0.0,0.0,5964.0,1641.0
96.185,0.094,3.721,0.0,0.0,0.0,0.0,0.0,1594515456.0,139960320.0,73519104.0,65850540032.0,0.0,0.0,0.0,0.0
96.999,0.063,2.938,0.0,0.0,0.0,0.0,12288.0,1594519552.0,139964416.0,73519104.0,65850531840.0,0.0,3.0,66.0,4168.0
97.062,0.062,2.875,0.0,0.0,0.0,278528.0,0.0,1594613760.0,140021760.0,73756672.0,65850142720.0,15.0,0.0,0.0,0.0
96.246,0.094,3.660,0.0,0.0,0.0,0.0,0.0,1594605568.0,140021760.0,73760768.0,65850146816.0,0.0,0.0,3923.0,8684.0
95.811,0.063,4.126,0.0,0.0,0.0,0.0,0.0,1594605568.0,140021760.0,73760768.0,65850146816.0,0.0,0.0,0.0,0.0
94.972,0.062,4.966,0.0,0.0,0.0,0.0,0.0,1594486784.0,140021760.0,73764864.0,65850261504.0,0.0,0.0,949.0,706.0
92.985,0.125,6.890,0.0,0.0,0.0,0.0,0.0,1594359808.0,140021760.0,73768960.0,65850384384.0,0.0,0.0,0.0,0.0
95.406,0.094,4.469,0.031,0.0,0.0,0.0,12288.0,1594355712.0,140025856.0,73768960.0,65850384384.0,0.0,3.0,199.0,4235.0
96.752,0.062,3.186,0.0,0.0,0.0,0.0,0.0,1594359808.0,140025856.0,73773056.0,65850376192.0,0.0,0.0,0.0,0.0
96.626,0.125,3.249,0.0,0.0,0.0,0.0,0.0,1594355712.0,140025856.0,73777152.0,65850376192.0,0.0,0.0,126.0,4168.0
96.749,0.094,3.157,0.0,0.0,0.0,0.0,0.0,1594351616.0,140025856.0,73781248.0,65850376192.0,0.0,0.0,0.0,0.0
96.717,0.094,3.189,0.0,0.0,0.0,0.0,0.0,1594478592.0,140025856.0,73781248.0,65850249216.0,0.0,0.0,683.0,575.0
96.155,0.125,3.720,0.0,0.0,0.0,0.0,0.0,1594466304.0,140025856.0,73785344.0,65850257408.0,0.0,0.0,0.0,0.0
96.686,0.094,3.220,0.0,0.0,0.0,0.0,0.0,1594462208.0,140025856.0,73789440.0,65850257408.0,0.0,0.0,1021.0,5020.0
96.780,0.063,3.157,0.0,0.0,0.0,0.0,0.0,1594458112.0,140025856.0,73793536.0,65850257408.0,0.0,0.0,0.0,0.0
96.216,0.094,3.690,0.0,0.0,0.0,0.0,0.0,1594306560.0,140025856.0,73793536.0,65850408960.0,0.0,0.0,1497.0,9047.0
96.719,0.094,3.188,0.0,0.0,0.0,0.0,0.0,1594310656.0,140025856.0,73797632.0,65850400768.0,0.0,0.0,0.0,0.0
96.594,0.156,3.250,0.0,0.0,0.0,0.0,0.0,1594306560.0,140025856.0,73801728.0,65850400768.0,0.0,0.0,514.0,4442.0
96.250,0.125,3.625,0.0,0.0,0.0,0.0,0.0,1594437632.0,140025856.0,73805824.0,65850265600.0,0.0,0.0,0.0,0.0
96.748,0.063,3.189,0.0,0.0,0.0,0.0,0.0,1594437632.0,140025856.0,73805824.0,65850265600.0,0.0,0.0,5595.0,9264.0
96.312,0.094,3.562,0.0,0.0,0.031,0.0,0.0,1594429440.0,140025856.0,73814016.0,65850265600.0,0.0,0.0,0.0,0.0
96.0,0.125,3.875,0.0,0.0,0.0,0.0,0.0,1594425344.0,140025856.0,73818112.0,65850265600.0,0.0,0.0,10469.0,6219.0
96.623,0.031,3.346,0.0,0.0,0.0,0.0,0.0,1594548224.0,140025856.0,73822208.0,65850138624.0,0.0,0.0,0.0,0.0
72.753,1.477,25.770,0.0,0.0,0.0,0.0,0.0,938995712.0,140025856.0,73830400.0,66505682944.0,0.0,0.0,8556.0,13690.0
43.927,2.895,53.178,0.0,0.0,0.0,0.0,0.0,938991616.0,140025856.0,73834496.0,66505682944.0,0.0,0.0,0.0,0.0
44.042,3.342,52.617,0.0,0.0,0.0,0.0,0.0,939114496.0,140025856.0,73838592.0,66505555968.0,0.0,0.0,4148.0,65940.0
43.404,3.164,53.401,0.0,0.0,0.032,0.0,0.0,938913792.0,140025856.0,73842688.0,66505752576.0,0.0,0.0,0.0,0.0
45.820,3.040,51.140,0.0,0.0,0.0,0.0,0.0,938913792.0,140025856.0,73842688.0,66505752576.0,0.0,0.0,3525.0,56138.0
46.599,2.924,50.477,0.0,0.0,0.0,0.0,0.0,939163648.0,140025856.0,73846784.0,66505498624.0,0.0,0.0,0.0,0.0
47.066,2.823,50.079,0.0,0.0,0.032,0.0,0.0,939159552.0,140025856.0,73850880.0,66505498624.0,0.0,0.0,4983.0,118677.0
47.805,3.221,48.974,0.0,0.0,0.0,0.0,0.0,1078706176.0,140025856.0,73854976.0,66365947904.0,0.0,0.0,0.0,0.0
68.768,0.627,30.605,0.0,0.0,0.0,0.0,0.0,1079541760.0,140025856.0,73859072.0,66365108224.0,0.0,0.0,3587.0,10893.0
67.053,0.720,32.227,0.0,0.0,0.0,0.0,4096.0,1079156736.0,140025856.0,73863168.0,66365489152.0,0.0,1.0,0.0,0.0
67.494,0.660,31.847,0.0,0.0,0.0,0.0,0.0,1070764032.0,140025856.0,73867264.0,66373877760.0,0.0,0.0,368.0,5252.0
67.255,1.135,31.610,0.0,0.0,0.0,0.0,0.0,1070383104.0,140025856.0,73867264.0,66374258688.0,0.0,0.0,0.0,0.0
66.917,0.876,32.208,0.0,0.0,0.0,0.0,0.0,1070243840.0,140025856.0,73871360.0,66374393856.0,0.0,0.0,2918.0,65792.0
65.774,0.630,33.596,0.0,0.0,0.0,0.0,0.0,1070239744.0,140025856.0,73875456.0,66374393856.0,0.0,0.0,0.0,0.0
68.292,0.692,31.016,0.0,0.0,0.0,0.0,0.0,1059385344.0,140025856.0,73879552.0,66385244160.0,0.0,0.0,803.0,4384.0
67.844,0.662,31.494,0.0,0.0,0.0,0.0,0.0,1059258368.0,140025856.0,73879552.0,66385371136.0,0.0,0.0,0.0,0.0
67.421,0.723,31.855,0.0,0.0,0.0,0.0,0.0,1059127296.0,140025856.0,73883648.0,66385498112.0,0.0,0.0,368.0,5012.0
66.144,0.659,33.197,0.0,0.0,0.0,0.0,0.0,1058951168.0,140025856.0,73887744.0,66385670144.0,0.0,0.0,0.0,0.0
67.490,0.688,31.822,0.0,0.0,0.0,0.0,0.0,1058820096.0,140025856.0,73891840.0,66385797120.0,0.0,0.0,314.0,5431.0
67.597,0.565,31.838,0.0,0.0,0.0,0.0,4096.0,1058693120.0,140025856.0,73891840.0,66385924096.0,0.0,1.0,0.0,0.0
65.973,0.536,33.459,0.0,0.0,0.032,0.0,0.0,1058807808.0,140025856.0,73895936.0,66385805312.0,0.0,0.0,4645.0,5120.0
65.755,0.629,33.616,0.0,0.0,0.0,0.0,0.0,1058422784.0,140025856.0,73900032.0,66386186240.0,0.0,0.0,0.0,0.0
67.033,0.659,32.309,0.0,0.0,0.0,0.0,0.0,1058414592.0,140025856.0,73904128.0,66386190336.0,0.0,0.0,66.0,4810.0
66.479,0.752,32.769,0.0,0.0,0.0,0.0,0.0,1058295808.0,140025856.0,73904128.0,66386309120.0,0.0,0.0,0.0,0.0
67.704,0.660,31.258,0.377,0.0,0.0,0.0,16384.0,1051619328.0,140034048.0,73900032.0,66392981504.0,0.0,4.0,66.0,4744.0
66.530,0.660,32.810,0.0,0.0,0.0,0.0,0.0,1051615232.0,140034048.0,73912320.0,66392973312.0,0.0,0.0,0.0,0.0
67.461,0.627,31.912,0.0,0.0,0.0,0.0,0.0,1051369472.0,140034048.0,73916416.0,66393214976.0,0.0,0.0,272.0,7528.0
66.835,0.631,32.535,0.0,0.0,0.0,0.0,0.0,1051344896.0,140034048.0,73916416.0,66393239552.0,0.0,0.0,0.0,0.0
67.954,0.596,31.450,0.0,0.0,0.0,0.0,0.0,1051348992.0,140034048.0,73920512.0,66393231360.0,0.0,0.0,931.0,5568.0
67.528,0.536,31.936,0.0,0.0,0.0,0.0,0.0,1051279360.0,140034048.0,73924608.0,66393296896.0,0.0,0.0,0.0,0.0
64.566,2.979,32.455,0.0,0.0,0.0,0.0,0.0,1604825088.0,140034048.0,73932800.0,65839742976.0,0.0,0.0,3424.0,10346.0
73.459,0.219,26.322,0.0,0.0,0.0,0.0,0.0,1604923392.0,140034048.0,73932800.0,65839644672.0,0.0,0.0,0.0,0.0
75.430,0.407,24.131,0.0,0.0,0.031,0.0,0.0,1604243456.0,140034048.0,73936896.0,65840320512.0,0.0,0.0,13581.0,24471.0
74.327,0.344,25.329,0.0,0.0,0.0,0.0,0.0,1604763648.0,140034048.0,73916416.0,65839820800.0,0.0,0.0,0.0,0.0
74.468,0.219,25.313,0.0,0.0,0.0,0.0,0.0,1604677632.0,140034048.0,73916416.0,65839906816.0,0.0,0.0,1033.0,5737.0
72.935,0.313,26.752,0.0,0.0,0.0,0.0,0.0,1598681088.0,140034048.0,73916416.0,65845903360.0,0.0,0.0,0.0,0.0
72.764,0.188,27.048,0.0,0.0,0.0,0.0,0.0,1598570496.0,140034048.0,73920512.0,65846009856.0,0.0,0.0,22220.0,124021.0
74.340,0.251,25.408,0.0,0.0,0.0,0.0,0.0,1598562304.0,140034048.0,73928704.0,65846009856.0,0.0,0.0,0.0,0.0
72.761,0.219,26.863,0.157,0.0,0.0,0.0,69632.0,1597890560.0,140038144.0,73928704.0,65846677504.0,0.0,17.0,60.0,0.0
73.725,0.250,26.024,0.0,0.0,0.0,0.0,0.0,1597886464.0,140038144.0,73932800.0,65846677504.0,0.0,0.0,0.0,0.0
74.414,0.219,25.368,0.0,0.0,0.0,0.0,0.0,1597603840.0,140038144.0,73936896.0,65846956032.0,0.0,0.0,4742.0,4592.0
74.177,0.219,25.572,0.0,0.0,0.031,0.0,0.0,1596964864.0,140038144.0,73940992.0,65847590912.0,0.0,0.0,0.0,0.0
72.824,0.282,26.894,0.0,0.0,0.0,0.0,0.0,1596956672.0,140038144.0,73940992.0,65847599104.0,0.0,0.0,60.0,0.0
73.533,0.281,26.186,0.0,0.0,0.0,0.0,0.0,1596952576.0,140038144.0,73945088.0,65847599104.0,0.0,0.0,0.0,0.0
73.880,0.282,25.838,0.0,0.0,0.0,0.0,0.0,1596215296.0,140038144.0,73949184.0,65848332288.0,0.0,0.0,60.0,0.0
72.469,0.250,27.281,0.0,0.0,0.0,0.0,0.0,1596211200.0,140038144.0,73953280.0,65848332288.0,0.0,0.0,0.0,0.0
73.542,0.282,26.176,0.0,0.0,0.0,0.0,0.0,1596338176.0,140038144.0,73953280.0,65848205312.0,0.0,0.0,1502.0,1092.0
73.890,0.250,25.860,0.0,0.0,0.0,0.0,0.0,1595887616.0,140038144.0,73957376.0,65848651776.0,0.0,0.0,0.0,0.0
74.522,0.282,25.196,0.0,0.0,0.0,0.0,0.0,1595883520.0,140038144.0,73961472.0,65848651776.0,0.0,0.0,743.0,572.0
72.853,0.219,26.928,0.0,0.0,0.0,0.0,0.0,1595879424.0,140038144.0,73965568.0,65848651776.0,0.0,0.0,0.0,0.0
73.502,0.250,26.248,0.0,0.0,0.0,0.0,0.0,1595527168.0,140038144.0,73965568.0,65849004032.0,0.0,0.0,60.0,0.0
73.277,0.282,26.441,0.0,0.0,0.0,0.0,0.0,1595518976.0,140038144.0,73969664.0,65849008128.0,0.0,0.0,0.0,0.0
73.874,0.188,25.939,0.0,0.0,0.0,0.0,0.0,1595355136.0,140038144.0,73973760.0,65849167872.0,0.0,0.0,60.0,0.0
72.591,0.219,27.190,0.0,0.0,0.0,0.0,0.0,1595326464.0,140038144.0,73977856.0,65849192448.0,0.0,0.0,0.0,0.0
74.295,0.282,25.423,0.0,0.0,0.0,0.0,0.0,1595326464.0,140038144.0,73977856.0,65849192448.0,0.0,0.0,217.0,225.0
73.823,0.251,25.926,0.0,0.0,0.0,0.0,0.0,1595330560.0,140038144.0,73981952.0,65849184256.0,0.0,0.0,0.0,0.0
74.030,0.188,25.782,0.0,0.0,0.0,0.0,0.0,1595207680.0,140038144.0,73986048.0,65849303040.0,0.0,0.0,332.0,6688.0
75.204,0.219,24.577,0.0,0.0,0.0,0.0,0.0,1595207680.0,140038144.0,73986048.0,65849303040.0,0.0,0.0,0.0,0.0
73.323,0.313,26.364,0.0,0.0,0.0,0.0,0.0,1595076608.0,140038144.0,73990144.0,65849430016.0,0.0,0.0,925.0,866.0
72.394,0.250,27.324,0.0,0.0,0.031,0.0,49152.0,1595072512.0,140038144.0,73994240.0,65849430016.0,0.0,12.0,0.0,0.0
73.795,0.282,25.924,0.0,0.0,0.0,0.0,0.0,1595060224.0,140038144.0,73998336.0,65849438208.0,0.0,0.0,0.0,0.0
73.505,0.282,26.214,0.0,0.0,0.0,0.0,0.0,1595060224.0,140038144.0,73998336.0,65849438208.0,0.0,0.0,0.0,0.0
74.711,0.250,25.039,0.0,0.0,0.0,0.0,0.0,1595056128.0,140038144.0,74002432.0,65849438208.0,0.0,0.0,68.0,663.0
75.141,0.313,24.546,0.0,0.0,0.0,0.0,0.0,1595052032.0,140038144.0,74006528.0,65849438208.0,0.0,0.0,0.0,0.0
74.389,0.282,25.329,0.0,0.0,0.0,0.0,0.0,1595047936.0,140038144.0,74010624.0,65849438208.0,0.0,0.0,0.0,0.0
72.935,0.282,26.783,0.0,0.0,0.0,0.0,0.0,1595047936.0,140038144.0,74010624.0,65849438208.0,0.0,0.0,0.0,0.0
74.015,0.250,25.735,0.0,0.0,0.0,0.0,0.0,1595052032.0,140038144.0,74014720.0,65849430016.0,0.0,0.0,602.0,98196.0
73.425,0.157,26.418,0.0,0.0,0.0,0.0,0.0,1595047936.0,140038144.0,74018816.0,65849430016.0,0.0,0.0,0.0,0.0
73.714,0.251,26.035,0.0,0.0,0.0,0.0,0.0,1595052032.0,140038144.0,74022912.0,65849421824.0,0.0,0.0,114.0,244.0
73.742,0.250,26.008,0.0,0.0,0.0,0.0,8192.0,1595179008.0,140038144.0,74022912.0,65849294848.0,0.0,2.0,0.0,0.0
72.966,0.219,26.815,0.0,0.0,0.0,0.0,0.0,1595174912.0,140038144.0,74027008.0,65849294848.0,0.0,0.0,332.0,342.0
72.290,0.250,27.460,0.0,0.0,0.0,0.0,0.0,1595170816.0,140038144.0,74031104.0,65849294848.0,0.0,0.0,0.0,0.0
74.703,0.250,25.047,0.0,0.0,0.0,0.0,0.0,1595133952.0,140038144.0,74035200.0,65849327616.0,0.0,0.0,0.0,0.0
74.883,0.250,24.867,0.0,0.0,0.0,0.0,0.0,1595142144.0,140038144.0,74035200.0,65849319424.0,0.0,0.0,0.0,0.0
72.984,0.282,26.451,0.282,0.0,0.0,0.0,4096.0,1595142144.0,140042240.0,74039296.0,65849311232.0,0.0,1.0,0.0,12524.0
74.437,0.219,25.344,0.0,0.0,0.0,0.0,0.0,1595142144.0,140042240.0,74047488.0,65849303040.0,0.0,0.0,0.0,0.0
73.285,0.219,26.495,0.0,0.0,0.0,0.0,0.0,1595138048.0,140042240.0,74051584.0,65849303040.0,0.0,0.0,182.0,252.0
72.628,0.282,27.091,0.0,0.0,0.0,0.0,0.0,1595129856.0,140042240.0,74051584.0,65849311232.0,0.0,0.0,0.0,0.0
73.958,0.282,25.760,0.0,0.0,0.0,0.0,0.0,1595125760.0,140042240.0,74055680.0,65849311232.0,0.0,0.0,683.0,575.0
73.310,0.219,26.471,0.0,0.0,0.0,0.0,0.0,1595121664.0,140042240.0,74059776.0,65849311232.0,0.0,0.0,0.0,0.0
71.745,0.250,27.974,0.0,0.0,0.031,0.0,0.0,1595109376.0,140042240.0,74059776.0,65849323520.0,0.0,0.0,0.0,0.0
73.265,0.250,26.485,0.0,0.0,0.0,0.0,0.0,1595105280.0,140042240.0,74063872.0,65849323520.0,0.0,0.0,0.0,0.0
72.872,0.250,26.877,0.0,0.0,0.0,0.0,0.0,1595101184.0,140042240.0,74067968.0,65849323520.0,0.0,0.0,60.0,0.0
75.642,0.219,24.139,0.0,0.0,0.0,0.0,0.0,1595097088.0,140042240.0,74072064.0,65849323520.0,0.0,0.0,0.0,0.0
73.957,0.220,25.824,0.0,0.0,0.0,0.0,0.0,1595097088.0,140042240.0,74072064.0,65849323520.0,0.0,0.0,60.0,0.0
73.943,0.345,25.712,0.0,0.0,0.0,0.0,0.0,1595101184.0,140042240.0,74076160.0,65849315328.0,0.0,0.0,0.0,0.0
74.726,0.219,25.055,0.0,0.0,0.0,0.0,0.0,1595105280.0,140042240.0,74080256.0,65849307136.0,0.0,0.0,5176.0,10572.0
70.828,0.188,28.984,0.0,0.0,0.0,0.0,0.0,1595101184.0,140042240.0,74084352.0,65849307136.0,0.0,0.0,0.0,0.0
73.999,0.219,25.782,0.0,0.0,0.0,0.0,0.0,1595101184.0,140042240.0,74084352.0,65849307136.0,0.0,0.0,182.0,252.0
73.684,0.251,26.065,0.0,0.0,0.0,0.0,0.0,1595105280.0,140042240.0,74088448.0,65849298944.0,0.0,0.0,0.0,0.0
72.878,0.219,26.903,0.0,0.0,0.0,0.0,0.0,1595101184.0,140042240.0,74092544.0,65849298944.0,0.0,0.0,1260.0,798.0
73.356,0.250,26.393,0.0,0.0,0.0,0.0,0.0,1595097088.0,140042240.0,74096640.0,65849298944.0,0.0,0.0,0.0,0.0
73.793,0.313,25.893,0.0,0.0,0.0,0.0,0.0,1595088896.0,140042240.0,74096640.0,65849307136.0,0.0,0.0,0.0,0.0
74.757,0.251,24.992,0.0,0.0,0.0,0.0,0.0,1595084800.0,140042240.0,74100736.0,65849307136.0,0.0,0.0,0.0,0.0
72.146,0.281,27.573,0.0,0.0,0.0,0.0,0.0,1595080704.0,140042240.0,74104832.0,65849307136.0,0.0,0.0,743.0,572.0
73.917,0.188,25.895,0.0,0.0,0.0,0.0,0.0,1595084800.0,140042240.0,74108928.0,65849298944.0,0.0,0.0,0.0,0.0
72.454,0.188,27.358,0.0,0.0,0.0,0.0,0.0,1594953728.0,140042240.0,74108928.0,65849430016.0,0.0,0.0,1188.0,99614.0
73.997,0.219,25.783,0.0,0.0,0.0,0.0,0.0,1594949632.0,140042240.0,74113024.0,65849430016.0,0.0,0.0,0.0,0.0
73.910,0.251,25.588,0.251,0.0,0.0,0.0,12288.0,1594941440.0,140050432.0,74113024.0,65849430016.0,0.0,3.0,217.0,225.0
74.078,0.219,25.704,0.0,0.0,0.0,0.0,0.0,1594933248.0,140050432.0,74121216.0,65849430016.0,0.0,0.0,0.0,0.0
74.086,0.250,25.664,0.0,0.0,0.0,0.0,0.0,1594798080.0,140050432.0,74121216.0,65849565184.0,0.0,0.0,242.0,252.0
73.950,0.251,25.799,0.0,0.0,0.0,0.0,0.0,1594802176.0,140050432.0,74125312.0,65849556992.0,0.0,0.0,0.0,0.0
73.310,0.250,26.439,0.0,0.0,0.0,0.0,0.0,1594798080.0,140050432.0,74129408.0,65849556992.0,0.0,0.0,0.0,0.0
71.935,0.218,27.847,0.0,0.0,0.0,0.0,0.0,1594798080.0,140050432.0,74129408.0,65849556992.0,0.0,0.0,0.0,0.0
73.415,0.252,26.332,0.0,0.0,0.0,0.0,0.0,1594793984.0,140050432.0,74133504.0,65849556992.0,0.0,0.0,743.0,614.0
74.804,0.219,24.977,0.0,0.0,0.0,0.0,0.0,1594789888.0,140050432.0,74137600.0,65849556992.0,0.0,0.0,0.0,0.0
74.240,0.282,25.478,0.0,0.0,0.0,0.0,0.0,1594785792.0,140050432.0,74141696.0,65849556992.0,0.0,0.0,182.0,252.0
73.396,0.282,26.322,0.0,0.0,0.0,0.0,0.0,1594785792.0,140050432.0,74141696.0,65849556992.0,0.0,0.0,0.0,0.0
73.206,0.219,26.575,0.0,0.0,0.0,0.0,0.0,1594781696.0,140050432.0,74145792.0,65849556992.0,0.0,0.0,68.0,663.0
74.483,0.250,25.266,0.0,0.0,0.0,0.0,0.0,1594777600.0,140050432.0,74149888.0,65849556992.0,0.0,0.0,0.0,0.0
74.412,0.251,25.337,0.0,0.0,0.0,0.0,0.0,1594773504.0,140050432.0,74153984.0,65849556992.0,0.0,0.0,60.0,0.0
74.038,0.250,25.680,0.0,0.0,0.031,0.0,0.0,1594773504.0,140050432.0,74153984.0,65849556992.0,0.0,0.0,0.0,0.0
73.721,0.220,26.060,0.0,0.0,0.0,0.0,0.0,1594736640.0,140050432.0,74158080.0,65849589760.0,0.0,0.0,60.0,0.0
74.029,0.251,25.721,0.0,0.0,0.0,0.0,0.0,1594855424.0,140050432.0,74166272.0,65849462784.0,0.0,0.0,0.0,0.0
72.295,0.250,27.455,0.0,0.0,0.0,0.0,0.0,1594851328.0,140050432.0,74170368.0,65849462784.0,0.0,0.0,60.0,0.0
74.210,0.250,25.540,0.0,0.0,0.0,0.0,0.0,1594859520.0,140050432.0,74170368.0,65849454592.0,0.0,0.0,0.0,0.0
75.431,0.251,24.318,0.0,0.0,0.0,0.0,0.0,1594847232.0,140050432.0,74174464.0,65849462784.0,0.0,0.0,272.0,4902.0
73.630,0.219,26.151,0.0,0.0,0.0,0.0,0.0,1594843136.0,140050432.0,74178560.0,65849462784.0,0.0,0.0,0.0,0.0
74.373,0.282,25.345,0.0,0.0,0.0,0.0,0.0,1594974208.0,140050432.0,74182656.0,65849327616.0,0.0,0.0,182.0,252.0
73.729,0.220,26.051,0.0,0.0,0.0,0.0,0.0,1594974208.0,140050432.0,74182656.0,65849327616.0,0.0,0.0,0.0,0.0
72.208,0.251,27.541,0.0,0.0,0.0,0.0,0.0,1594961920.0,140050432.0,74186752.0,65849335808.0,0.0,0.0,120.0,0.0
56.168,0.344,43.488,0.0,0.0,0.0,0.0,0.0,975409152.0,140050432.0,74194944.0,66468880384.0,0.0,0.0,0.0,0.0
3.128,0.063,96.810,0.0,0.0,0.0,0.0,0.0,975175680.0,140050432.0,74330112.0,66468978688.0,0.0,0.0,146005.0,10555.0
3.129,0.031,96.809,0.0,0.0,0.031,0.0,0.0,974635008.0,140050432.0,74334208.0,66469515264.0,0.0,0.0,0.0,0.0
3.158,0.063,96.779,0.0,0.0,0.0,0.0,0.0,974635008.0,140050432.0,74334208.0,66469515264.0,0.0,0.0,120.0,0.0
3.129,0.063,96.809,0.0,0.0,0.0,0.0,0.0,974618624.0,140050432.0,74342400.0,66469523456.0,0.0,0.0,0.0,0.0
3.129,0.031,96.840,0.0,0.0,0.0,0.0,0.0,974594048.0,140050432.0,74342400.0,66469548032.0,0.0,0.0,602.0,95364.0
3.129,0.063,96.809,0.0,0.0,0.0,0.0,0.0,974594048.0,140050432.0,74342400.0,66469548032.0,0.0,0.0,0.0,0.0
3.128,0.031,96.810,0.0,0.0,0.031,0.0,0.0,974594048.0,140050432.0,74342400.0,66469548032.0,0.0,0.0,180.0,0.0
3.158,0.063,96.779,0.0,0.0,0.0,0.0,4096.0,974458880.0,140050432.0,74350592.0,66469675008.0,0.0,1.0,0.0,0.0
3.159,0.094,96.747,0.0,0.0,0.0,0.0,0.0,974385152.0,140050432.0,74350592.0,66469748736.0,0.0,0.0,4802.0,4592.0
3.131,0.031,96.838,0.0,0.0,0.0,0.0,0.0,974376960.0,140050432.0,74358784.0,66469748736.0,0.0,0.0,0.0,0.0
3.129,0.063,96.809,0.0,0.0,0.0,0.0,0.0,974376960.0,140050432.0,74358784.0,66469748736.0,0.0,0.0,0.0,0.0
3.130,0.063,96.808,0.0,0.0,0.0,0.0,0.0,974381056.0,140050432.0,74362880.0,66469740544.0,0.0,0.0,0.0,0.0
3.128,0.094,96.778,0.0,0.0,0.0,0.0,0.0,974348288.0,140050432.0,74362880.0,66469773312.0,0.0,0.0,60.0,3770.0
3.131,0.031,96.838,0.0,0.0,0.0,0.0,0.0,974233600.0,140050432.0,74366976.0,66469883904.0,0.0,0.0,0.0,0.0
3.161,0.031,96.808,0.0,0.0,0.0,0.0,0.0,974233600.0,140050432.0,74366976.0,66469883904.0,0.0,0.0,1382.0,1050.0
3.129,0.063,96.809,0.0,0.0,0.0,0.0,0.0,974225408.0,140050432.0,74375168.0,66469883904.0,0.0,0.0,0.0,0.0
3.130,0.063,96.808,0.0,0.0,0.0,0.0,0.0,974098432.0,140050432.0,74375168.0,66470010880.0,0.0,0.0,683.0,572.0
3.160,0.063,96.777,0.0,0.0,0.0,0.0,0.0,974086144.0,140050432.0,74379264.0,66470019072.0,0.0,0.0,0.0,0.0
3.130,0.031,96.839,0.0,0.0,0.0,0.0,0.0,974086144.0,140050432.0,74379264.0,66470019072.0,0.0,0.0,0.0,0.0
3.130,0.063,96.808,0.0,0.0,0.0,0.0,0.0,973946880.0,140050432.0,74391552.0,66470146048.0,0.0,0.0,0.0,0.0
3.130,0.031,96.839,0.0,0.0,0.0,0.0,0.0,973803520.0,140050432.0,74391552.0,66470289408.0,0.0,0.0,0.0,0.0
3.130,0.031,96.839,0.0,0.0,0.0,0.0,0.0,973799424.0,140050432.0,74395648.0,66470289408.0,0.0,0.0,0.0,0.0
3.159,0.063,96.747,0.0,0.0,0.031,0.0,0.0,973791232.0,140050432.0,74395648.0,66470297600.0,0.0,0.0,217.0,225.0
3.131,0.094,96.619,0.157,0.0,0.0,0.0,0.0,959758336.0,140054528.0,74395648.0,66484326400.0,0.0,0.0,0.0,0.0
5.507,1.377,93.210,-0.094,0.0,0.0,8192.0,0.0,1018429440.0,140058624.0,74399744.0,66425647104.0,2.0,0.0,34337.0,21314.0
6.189,0.125,93.686,0.0,0.0,0.0,0.0,0.0,1102741504.0,140058624.0,74457088.0,66341277696.0,0.0,0.0,0.0,0.0
6.191,0.094,93.715,0.0,0.0,0.0,0.0,0.0,1169977344.0,140058624.0,74457088.0,66274041856.0,0.0,0.0,925.0,866.0
6.254,0.063,93.684,0.0,0.0,0.0,0.0,0.0,1218035712.0,140058624.0,74465280.0,66225975296.0,0.0,0.0,0.0,0.0
6.287,0.156,93.306,0.250,0.0,0.0,0.0,0.0,1271926784.0,140062720.0,74461184.0,66172084224.0,0.0,0.0,0.0,0.0
9.287,1.220,89.087,0.407,0.0,0.0,0.0,135168.0,1452433408.0,140062720.0,74510336.0,65991528448.0,0.0,33.0,0.0,0.0
9.284,0.156,90.560,0.0,0.0,0.0,0.0,0.0,1597222912.0,140062720.0,74518528.0,65846730752.0,0.0,0.0,10988.0,5297.0
9.315,0.125,90.560,0.0,0.0,0.0,0.0,0.0,1704816640.0,140062720.0,74522624.0,65739132928.0,0.0,0.0,0.0,0.0
9.315,0.125,90.560,0.0,0.0,0.0,0.0,0.0,1801150464.0,140062720.0,74522624.0,65642799104.0,0.0,0.0,0.0,0.0
9.318,0.094,90.588,0.0,0.0,0.0,0.0,0.0,1901551616.0,140062720.0,74530816.0,65542389760.0,0.0,0.0,0.0,0.0
9.350,0.094,89.931,0.625,0.0,0.0,0.0,65536.0,2002214912.0,140066816.0,74526720.0,65441726464.0,0.0,16.0,982.0,96576.0
9.196,0.188,90.616,0.0,0.0,0.0,0.0,0.0,1486913536.0,140066816.0,74711040.0,65956843520.0,0.0,0.0,0.0,0.0
9.227,0.188,90.585,0.0,0.0,0.0,0.0,0.0,1705611264.0,140066816.0,74715136.0,65738141696.0,0.0,0.0,144266.0,61762.0
9.344,0.125,90.531,0.0,0.0,0.0,0.0,0.0,1800474624.0,140066816.0,74731520.0,65643261952.0,0.0,0.0,0.0,0.0
9.318,0.094,90.588,0.0,0.0,0.0,0.0,0.0,1901260800.0,140066816.0,74735616.0,65542471680.0,0.0,0.0,182.0,252.0
9.312,0.094,90.594,0.0,0.0,0.0,0.0,0.0,1995612160.0,140066816.0,74739712.0,65448116224.0,0.0,0.0,0.0,0.0
9.259,0.156,89.959,0.626,0.0,0.0,0.0,73728.0,1508110336.0,140075008.0,74735616.0,65935613952.0,0.0,18.0,3682.0,55636.0
9.281,0.156,90.562,0.0,0.0,0.0,0.0,0.0,1615056896.0,140075008.0,74735616.0,65828667392.0,0.0,0.0,0.0,0.0
9.321,0.094,90.585,0.0,0.0,0.0,0.0,0.0,1717628928.0,140075008.0,74805248.0,65726025728.0,0.0,0.0,0.0,0.0
9.321,0.125,90.554,0.0,0.0,0.0,0.0,0.0,1824583680.0,140075008.0,74805248.0,65619070976.0,0.0,0.0,0.0,0.0
9.321,0.094,90.585,0.0,0.0,0.0,0.0,0.0,1929326592.0,140075008.0,74809344.0,65514323968.0,0.0,0.0,242.0,252.0
9.256,0.188,90.557,0.0,0.0,0.0,0.0,0.0,1511337984.0,140075008.0,74813440.0,65932308480.0,0.0,0.0,0.0,0.0
9.324,0.094,90.582,0.0,0.0,0.0,0.0,0.0,1614422016.0,140075008.0,74878976.0,65829158912.0,0.0,0.0,4053.0,56029.0
9.338,0.094,90.568,0.0,0.0,0.0,0.0,0.0,1712873472.0,140075008.0,74866688.0,65730719744.0,0.0,0.0,0.0,0.0
9.315,0.125,90.560,0.0,0.0,0.0,0.0,0.0,1811263488.0,140075008.0,74874880.0,65632321536.0,0.0,0.0,0.0,0.0
9.321,0.094,90.585,0.0,0.0,0.0,0.0,0.0,1905627136.0,140075008.0,74874880.0,65537957888.0,0.0,0.0,0.0,0.0
9.225,0.188,89.931,0.657,0.0,0.0,0.0,73728.0,1483030528.0,140087296.0,74866688.0,65960550400.0,0.0,18.0,3552.0,55118.0
9.290,0.094,90.616,0.0,0.0,0.0,0.0,0.0,1581080576.0,140087296.0,74866688.0,65862500352.0,0.0,0.0,0.0,0.0
9.321,0.156,90.522,0.0,0.0,0.0,0.0,0.0,1670914048.0,140087296.0,74940416.0,65772593152.0,0.0,0.0,60.0,0.0
9.284,0.156,90.528,0.0,0.0,0.031,0.0,0.0,1767514112.0,140087296.0,74944512.0,65675988992.0,0.0,0.0,0.0,0.0
9.384,0.063,90.554,0.0,0.0,0.0,0.0,0.0,1853939712.0,140087296.0,74944512.0,65589563392.0,0.0,0.0,5044.0,11866.0
9.318,0.094,90.588,0.0,0.0,0.0,0.0,0.0,1939603456.0,140087296.0,74944512.0,65503899648.0,0.0,0.0,0.0,0.0
9.358,0.094,90.548,0.0,0.0,0.0,0.0,0.0,2038153216.0,140087296.0,74952704.0,65405341696.0,0.0,0.0,182.0,252.0
9.315,0.094,90.591,0.0,0.0,0.0,0.0,28672.0,2130300928.0,140087296.0,74952704.0,65313193984.0,0.0,7.0,0.0,0.0
7.290,0.282,92.428,0.0,0.0,0.0,0.0,0.0,1541500928.0,140087296.0,74956800.0,65901989888.0,0.0,0.0,13054.0,63307.0
6.260,0.063,93.678,0.0,0.0,0.0,0.0,0.0,1589624832.0,140087296.0,74915840.0,65853906944.0,0.0,0.0,0.0,0.0
6.225,0.094,93.682,0.0,0.0,0.0,0.0,0.0,1625595904.0,140087296.0,74985472.0,65817866240.0,0.0,0.0,0.0,0.0
6.250,0.125,93.625,0.0,0.0,0.0,0.0,0.0,1665224704.0,140087296.0,74985472.0,65778237440.0,0.0,0.0,0.0,0.0
6.221,0.094,93.092,0.594,0.0,0.0,0.0,131072.0,1709260800.0,140095488.0,74981376.0,65734197248.0,0.0,15.0,683.0,572.0
4.506,0.219,95.213,0.063,0.0,0.0,0.0,53248.0,1131552768.0,140099584.0,75059200.0,66311823360.0,0.0,13.0,0.0,0.0
3.130,0.063,96.808,0.0,0.0,0.0,0.0,0.0,1106251776.0,140099584.0,75063296.0,66337120256.0,0.0,0.0,12282.0,159405.0
3.129,0.063,96.809,0.0,0.0,0.0,0.0,0.0,1106018304.0,140099584.0,75022336.0,66337394688.0,0.0,0.0,0.0,0.0
3.159,0.063,96.778,0.0,0.0,0.0,0.0,0.0,1105760256.0,140099584.0,75026432.0,66337648640.0,0.0,0.0,217.0,225.0
3.131,0.063,96.212,0.595,0.0,0.0,0.0,65536.0,1105620992.0,140103680.0,75030528.0,66337779712.0,0.0,16.0,0.0,0.0
3.129,0.063,96.746,0.063,0.0,0.0,0.0,49152.0,1105473536.0,140107776.0,75034624.0,66337918976.0,0.0,12.0,182.0,252.0
3.130,0.031,96.839,0.0,0.0,0.0,0.0,0.0,1105174528.0,140107776.0,75038720.0,66338213888.0,0.0,0.0,0.0,0.0
3.130,0.063,96.808,0.0,0.0,0.0,0.0,0.0,1104879616.0,140107776.0,75042816.0,66338504704.0,0.0,0.0,60.0,0.0
3.129,0.063,96.777,0.0,0.0,0.031,0.0,0.0,1104633856.0,140107776.0,75042816.0,66338750464.0,0.0,0.0,0.0,0.0
3.160,0.063,96.777,0.0,0.0,0.0,0.0,0.0,1104412672.0,140107776.0,75051008.0,66338963456.0,0.0,0.0,803.0,4384.0
3.131,0.031,96.838,0.0,0.0,0.0,0.0,0.0,1104277504.0,140107776.0,75051008.0,66339098624.0,0.0,0.0,0.0,0.0
3.160,0.031,96.809,0.0,0.0,0.0,0.0,0.0,1104031744.0,140107776.0,75055104.0,66339340288.0,0.0,0.0,182.0,252.0
3.129,0.063,96.809,0.0,0.0,0.0,0.0,0.0,1103650816.0,140107776.0,75055104.0,66339721216.0,0.0,0.0,0.0,0.0
3.130,0.063,96.808,0.0,0.0,0.0,0.0,0.0,1103511552.0,140107776.0,75059200.0,66339856384.0,0.0,0.0,68.0,662.0
3.130,0.031,96.839,0.0,0.0,0.0,0.0,0.0,1103257600.0,140107776.0,75059200.0,66340110336.0,0.0,0.0,0.0,0.0
3.130,0.031,96.839,0.0,0.0,0.0,0.0,0.0,1103253504.0,140107776.0,75063296.0,66340110336.0,0.0,0.0,60.0,0.0
3.130,0.063,96.808,0.0,0.0,0.0,0.0,0.0,1103126528.0,140107776.0,75063296.0,66340237312.0,0.0,0.0,0.0,0.0
3.130,0.031,96.839,0.0,0.0,0.0,0.0,0.0,1102979072.0,140107776.0,75075584.0,66340372480.0,0.0,0.0,60.0,0.0
3.130,0.063,96.808,0.0,0.0,0.0,0.0,0.0,1102495744.0,140107776.0,75075584.0,66340855808.0,0.0,0.0,0.0,0.0
3.160,0.063,96.777,0.0,0.0,0.0,0.0,0.0,1102491648.0,140107776.0,75079680.0,66340855808.0,0.0,0.0,120.0,0.0
3.130,0.031,96.839,0.0,0.0,0.0,0.0,0.0,1102241792.0,140107776.0,75083776.0,66341101568.0,0.0,0.0,0.0,0.0
3.130,0.031,96.839,0.0,0.0,0.0,0.0,0.0,1102110720.0,140107776.0,75087872.0,66341228544.0,0.0,0.0,512.0,6468.0
3.130,0.063,96.808,0.0,0.0,0.0,0.0,0.0,1102110720.0,140107776.0,75087872.0,66341228544.0,0.0,0.0,0.0,0.0
3.130,0.031,96.839,0.0,0.0,0.0,0.0,0.0,1101979648.0,140107776.0,75091968.0,66341355520.0,0.0,0.0,542.0,252.0
3.158,0.063,96.123,0.625,0.0,0.031,0.0,12288.0,1101852672.0,140107776.0,75091968.0,66341482496.0,0.0,3.0,0.0,0.0
3.130,0.031,96.839,0.0,0.0,0.0,0.0,0.0,1101975552.0,140107776.0,75096064.0,66341355520.0,0.0,0.0,120.0,0.0
3.130,0.063,96.808,0.0,0.0,0.0,0.0,0.0,1101848576.0,140107776.0,75096064.0,66341482496.0,0.0,0.0,0.0,0.0
3.130,0.031,96.839,0.0,0.0,0.0,0.0,0.0,1101729792.0,140107776.0,75100160.0,66341597184.0,0.0,0.0,923.0,575.0
3.160,0.063,96.777,0.0,0.0,0.0,0.0,0.0,1101475840.0,140107776.0,75100160.0,66341851136.0,0.0,0.0,0.0,0.0
3.129,0.063,96.809,0.0,0.0,0.0,0.0,4096.0,1101451264.0,140107776.0,75108352.0,66341867520.0,0.0,1.0,60.0,0.0
3.130,0.063,96.808,0.0,0.0,0.0,0.0,0.0,1101332480.0,140107776.0,75108352.0,66341986304.0,0.0,0.0,0.0,0.0
3.130,0.031,96.839,0.0,0.0,0.0,0.0,0.0,1101324288.0,140107776.0,75116544.0,66341986304.0,0.0,0.0,982.0,98038.0
3.130,0.063,96.808,0.0,0.0,0.0,0.0,0.0,1101279232.0,140107776.0,75116544.0,66342031360.0,0.0,0.0,0.0,0.0
3.131,0.031,96.243,0.595,0.0,0.0,0.0,28672.0,1101148160.0,140111872.0,75116544.0,66342158336.0,0.0,7.0,3086.0,2704.0
3.130,0.063,96.808,0.0,0.0,0.0,0.0,126976.0,1101217792.0,140111872.0,75120640.0,66342084608.0,0.0,23.0,0.0,0.0
3.160,0.094,96.746,0.0,0.0,0.0,0.0,0.0,1101209600.0,140111872.0,75124736.0,66342088704.0,0.0,0.0,4682.0,4592.0
3.129,0.063,96.809,0.0,0.0,0.0,0.0,0.0,1101144064.0,140111872.0,75124736.0,66342154240.0,0.0,0.0,0.0,0.0
3.131,0.031,96.838,0.0,0.0,0.0,0.0,0.0,1101127680.0,140111872.0,75132928.0,66342162432.0,0.0,0.0,0.0,0.0
3.129,0.063,96.809,0.0,0.0,0.0,0.0,0.0,1101000704.0,140111872.0,75132928.0,66342289408.0,0.0,0.0,0.0,0.0
3.130,0.063,96.808,0.0,0.0,0.0,0.0,0.0,1100992512.0,140111872.0,75141120.0,66342289408.0,0.0,0.0,0.0,0.0
3.130,0.031,96.839,0.0,0.0,0.0,0.0,0.0,1101000704.0,140111872.0,75141120.0,66342281216.0,0.0,0.0,0.0,0.0
3.161,0.031,96.808,0.0,0.0,0.0,0.0,0.0,1100996608.0,140111872.0,75145216.0,66342281216.0,0.0,0.0,1322.0,1050.0
3.128,0.063,96.778,0.0,0.0,0.031,0.0,0.0,1100992512.0,140111872.0,75149312.0,66342281216.0,0.0,0.0,0.0,0.0
3.130,0.063,96.808,0.0,0.0,0.0,0.0,0.0,1100988416.0,140111872.0,75153408.0,66342281216.0,0.0,0.0,683.0,572.0
3.129,0.063,96.809,0.0,0.0,0.0,0.0,0.0,1100939264.0,140111872.0,75153408.0,66342330368.0,0.0,0.0,0.0,0.0
3.160,0.063,96.777,0.0,0.0,0.0,0.0,0.0,1100931072.0,140111872.0,75161600.0,66342330368.0,0.0,0.0,0.0,0.0
3.130,0.094,96.776,0.0,0.0,0.0,0.0,0.0,1100931072.0,140111872.0,75161600.0,66342330368.0,0.0,0.0,0.0,0.0
3.132,0.063,96.806,0.0,0.0,0.0,0.0,0.0,1100922880.0,140111872.0,75169792.0,66342330368.0,0.0,0.0,0.0,0.0
3.133,0.063,96.805,0.0,0.0,0.0,0.0,0.0,1100931072.0,140111872.0,75169792.0,66342322176.0,0.0,0.0,0.0,0.0
3.160,0.063,96.777,0.0,0.0,0.0,0.0,0.0,1100783616.0,140111872.0,75173888.0,66342465536.0,0.0,0.0,217.0,225.0
3.129,0.094,96.777,0.0,0.0,0.0,0.0,0.0,1100787712.0,140111872.0,75177984.0,66342457344.0,0.0,0.0,0.0,0.0
3.129,0.063,96.809,0.0,0.0,0.0,0.0,0.0,1100783616.0,140111872.0,75182080.0,66342457344.0,0.0,0.0,272.0,5530.0
3.159,0.063,96.747,0.0,0.0,0.031,0.0,0.0,1100783616.0,140111872.0,75182080.0,66342457344.0,0.0,0.0,0.0,0.0
3.130,0.063,96.808,0.0,0.0,0.0,0.0,0.0,1100783616.0,140111872.0,75182080.0,66342457344.0,0.0,0.0,985.0,866.0
3.130,0.063,96.808,0.0,0.0,0.0,0.0,0.0,1100783616.0,140111872.0,75182080.0,66342457344.0,0.0,0.0,0.0,0.0
3.129,0.063,96.809,0.0,0.0,0.0,0.0,0.0,1100775424.0,140111872.0,75190272.0,66342457344.0,0.0,0.0,0.0,0.0
3.131,0.031,96.838,0.0,0.0,0.0,0.0,0.0,1100775424.0,140111872.0,75190272.0,66342457344.0,0.0,0.0,0.0,0.0
3.159,0.063,96.747,0.0,0.0,0.031,0.0,0.0,1100763136.0,140111872.0,75194368.0,66342465536.0,0.0,0.0,68.0,662.0
3.129,0.063,96.809,0.0,0.0,0.0,0.0,0.0,1100763136.0,140111872.0,75194368.0,66342465536.0,0.0,0.0,0.0,0.0
3.130,0.063,96.808,0.0,0.0,0.0,0.0,0.0,1100750848.0,140111872.0,75206656.0,66342465536.0,0.0,0.0,60.0,0.0
3.131,0.031,96.838,0.0,0.0,0.0,0.0,0.0,1100759040.0,140111872.0,75206656.0,66342457344.0,0.0,0.0,0.0,0.0
3.130,0.063,96.808,0.0,0.0,0.0,0.0,0.0,1100750848.0,140111872.0,75210752.0,66342461440.0,0.0,0.0,602.0,98288.0
3.130,0.063,96.808,0.0,0.0,0.0,0.0,0.0,1100750848.0,140111872.0,75210752.0,66342461440.0,0.0,0.0,0.0,0.0
3.162,0.031,96.807,0.0,0.0,0.0,0.0,0.0,1100746752.0,140111872.0,75214848.0,66342461440.0,0.0,0.0,60.0,0.0
3.129,0.063,96.809,0.0,0.0,0.0,0.0,0.0,1100746752.0,140111872.0,75214848.0,66342461440.0,0.0,0.0,0.0,0.0
3.129,0.063,96.777,0.0,0.0,0.031,0.0,0.0,1100742656.0,140111872.0,75218944.0,66342461440.0,0.0,0.0,182.0,252.0
3.130,0.063,96.808,0.0,0.0,0.0,0.0,0.0,1100742656.0,140111872.0,75218944.0,66342461440.0,0.0,0.0,0.0,0.0
3.129,0.063,96.809,0.0,0.0,0.0,0.0,0.0,1100857344.0,140111872.0,75231232.0,66342334464.0,0.0,0.0,0.0,0.0
3.130,0.063,96.808,0.0,0.0,0.0,0.0,0.0,1100857344.0,140111872.0,75231232.0,66342334464.0,0.0,0.0,0.0,0.0
3.160,0.031,96.809,0.0,0.0,0.0,0.0,0.0,1100845056.0,140111872.0,75235328.0,66342342656.0,0.0,0.0,120.0,12524.0
3.130,0.094,96.776,0.0,0.0,0.0,0.0,0.0,1100853248.0,140111872.0,75235328.0,66342334464.0,0.0,0.0,0.0,0.0
3.128,0.063,96.778,0.0,0.0,0.031,0.0,0.0,1100857344.0,140111872.0,75239424.0,66342326272.0,0.0,0.0,302.0,252.0
3.131,0.063,96.807,0.0,0.0,0.0,0.0,0.0,1100857344.0,140111872.0,75239424.0,66342326272.0,0.0,0.0,0.0,0.0
3.159,0.063,96.778,0.0,0.0,0.0,0.0,0.0,1100853248.0,140111872.0,75243520.0,66342326272.0,0.0,0.0,683.0,575.0
3.132,0.063,96.806,0.0,0.0,0.0,0.0,0.0,1100853248.0,140111872.0,75243520.0,66342326272.0,0.0,0.0,0.0,0.0
3.129,0.063,96.809,0.0,0.0,0.0,0.0,0.0,1100845056.0,140111872.0,75251712.0,66342326272.0,0.0,0.0,0.0,0.0
3.160,0.063,96.777,0.0,0.0,0.0,0.0,0.0,1100845056.0,140111872.0,75251712.0,66342326272.0,0.0,0.0,0.0,0.0
3.129,0.063,96.777,0.0,0.0,0.031,0.0,0.0,1100828672.0,140111872.0,75259904.0,66342334464.0,0.0,0.0,60.0,0.0
3.129,0.063,96.809,0.0,0.0,0.0,0.0,0.0,1100828672.0,140111872.0,75259904.0,66342334464.0,0.0,0.0,0.0,0.0
3.160,0.063,96.777,0.0,0.0,0.0,0.0,0.0,1100824576.0,140111872.0,75264000.0,66342334464.0,0.0,0.0,0.0,0.0
3.131,0.094,96.775,0.0,0.0,0.0,0.0,0.0,1100959744.0,140111872.0,75264000.0,66342199296.0,0.0,0.0,0.0,0.0
3.159,0.063,96.778,0.0,0.0,0.0,0.0,0.0,1100955648.0,140111872.0,75268096.0,66342199296.0,0.0,0.0,5176.0,9440.0
3.131,0.031,96.838,0.0,0.0,0.0,0.0,0.0,1100951552.0,140111872.0,75272192.0,66342199296.0,0.0,0.0,0.0,0.0
3.129,0.063,96.809,0.0,0.0,0.0,0.0,0.0,1101070336.0,140111872.0,75280384.0,66342072320.0,0.0,0.0,182.0,252.0
3.129,0.063,96.777,0.0,0.0,0.031,0.0,0.0,1101070336.0,140111872.0,75280384.0,66342072320.0,0.0,0.0,0.0,0.0
3.130,0.063,96.808,0.0,0.0,0.0,0.0,0.0,1101058048.0,140111872.0,75284480.0,66342080512.0,0.0,0.0,1140.0,798.0
3.129,0.063,96.809,0.0,0.0,0.0,0.0,0.0,1101058048.0,140111872.0,75284480.0,66342080512.0,0.0,0.0,0.0,0.0
3.161,0.031,96.808,0.0,0.0,0.0,0.0,0.0,1101049856.0,140111872.0,75292672.0,66342080512.0,0.0,0.0,60.0,0.0
3.130,0.031,96.808,0.0,0.0,0.031,0.0,0.0,1101049856.0,140111872.0,75292672.0,66342080512.0,0.0,0.0,0.0,0.0
3.128,0.094,96.778,0.0,0.0,0.0,0.0,0.0,1100906496.0,140111872.0,75300864.0,66342215680.0,0.0,0.0,803.0,572.0
3.130,0.063,96.808,0.0,0.0,0.0,0.0,0.0,1100914688.0,140111872.0,75300864.0,66342207488.0,0.0,0.0,0.0,0.0
3.161,0.031,96.808,0.0,0.0,0.0,0.0,0.0,1100910592.0,140111872.0,75304960.0,66342207488.0,0.0,0.0,1368.0,99706.0
3.129,0.063,96.809,0.0,0.0,0.0,0.0,0.0,1100910592.0,140111872.0,75304960.0,66342207488.0,0.0,0.0,0.0,0.0
3.131,0.031,96.243,0.595,0.0,0.0,0.0,12288.0,1100906496.0,140111872.0,75309056.0,66342207488.0,0.0,3.0,451.0,469.0
3.131,0.063,96.807,0.0,0.0,0.0,0.0,0.0,1100906496.0,140111872.0,75309056.0,66342207488.0,0.0,0.0,0.0,0.0
3.130,0.031,96.839,0.0,0.0,0.0,0.0,0.0,1100898304.0,140111872.0,75317248.0,66342207488.0,0.0,0.0,182.0,252.0
3.160,0.031,96.777,0.0,0.0,0.031,0.0,0.0,1100898304.0,140111872.0,75317248.0,66342207488.0,0.0,0.0,0.0,0.0
3.158,0.094,96.748,0.0,0.0,0.0,0.0,0.0,1100886016.0,140111872.0,75321344.0,66342215680.0,0.0,0.0,120.0,0.0
3.130,0.063,96.808,0.0,0.0,0.0,0.0,0.0,1100886016.0,140111872.0,75321344.0,66342215680.0,0.0,0.0,0.0,0.0
3.128,0.094,96.778,0.0,0.0,0.0,0.0,0.0,1100877824.0,140111872.0,75329536.0,66342215680.0,0.0,0.0,743.0,680.0
3.130,0.063,96.808,0.0,0.0,0.0,0.0,0.0,1100886016.0,140111872.0,75329536.0,66342207488.0,0.0,0.0,0.0,0.0
3.128,0.094,96.778,0.0,0.0,0.0,0.0,0.0,1100877824.0,140111872.0,75337728.0,66342207488.0,0.0,0.0,422.0,252.0
3.161,0.031,96.808,0.0,0.0,0.0,0.0,0.0,1100877824.0,140111872.0,75337728.0,66342207488.0,0.0,0.0,0.0,0.0
3.129,0.063,96.809,0.0,0.0,0.0,0.0,0.0,1100873728.0,140111872.0,75341824.0,66342207488.0,0.0,0.0,188.0,662.0
3.130,0.063,96.808,0.0,0.0,0.0,0.0,0.0,1100873728.0,140111872.0,75341824.0,66342207488.0,0.0,0.0,0.0,0.0
3.130,0.031,96.839,0.0,0.0,0.0,0.0,0.0,1100865536.0,140111872.0,75345920.0,66342211584.0,0.0,0.0,240.0,0.0
3.160,0.063,96.777,0.0,0.0,0.0,0.0,0.0,1100865536.0,140111872.0,75345920.0,66342211584.0,0.0,0.0,0.0,0.0
3.130,0.031,96.839,0.0,0.0,0.0,0.0,0.0,1100861440.0,140111872.0,75350016.0,66342211584.0,0.0,0.0,120.0,0.0
3.130,0.063,96.808,0.0,0.0,0.0,0.0,0.0,1100861440.0,140111872.0,75350016.0,66342211584.0,0.0,0.0,0.0,0.0
3.130,0.063,96.808,0.0,0.0,0.0,0.0,0.0,1100972032.0,140111872.0,75358208.0,66342092800.0,0.0,0.0,60.0,0.0
3.129,0.063,96.777,0.0,0.0,0.031,0.0,0.0,1100980224.0,140111872.0,75358208.0,66342084608.0,0.0,0.0,0.0,0.0
3.160,0.031,96.809,0.0,0.0,0.0,0.0,0.0,1100972032.0,140111872.0,75366400.0,66342084608.0,0.0,0.0,332.0,3688.0
3.130,0.063,96.808,0.0,0.0,0.0,0.0,0.0,1100972032.0,140111872.0,75366400.0,66342084608.0,0.0,0.0,0.0,0.0
3.130,0.031,96.839,0.0,0.0,0.0,0.0,0.0,1100963840.0,140111872.0,75374592.0,66342084608.0,0.0,0.0,242.0,252.0
3.160,0.063,96.777,0.0,0.0,0.0,0.0,0.0,1100963840.0,140111872.0,75374592.0,66342084608.0,0.0,0.0,0.0,0.0
3.131,0.031,96.838,0.0,0.0,0.0,0.0,0.0,1100963840.0,140111872.0,75374592.0,66342084608.0,0.0,0.0,0.0,0.0
3.130,0.063,96.808,0.0,0.0,0.0,0.0,0.0,1100963840.0,140111872.0,75374592.0,66342084608.0,0.0,0.0,0.0,0.0
3.130,0.031,96.839,0.0,0.0,0.0,0.0,0.0,1100947456.0,140111872.0,75382784.0,66342092800.0,0.0,0.0,683.0,641.0
3.159,0.063,96.747,0.0,0.0,0.031,0.0,0.0,1101074432.0,140111872.0,75382784.0,66341965824.0,0.0,0.0,0.0,0.0
3.130,0.063,96.808,0.0,0.0,0.0,0.0,0.0,1101070336.0,140111872.0,75386880.0,66341965824.0,0.0,0.0,0.0,0.0
2.565,0.219,96.872,0.344,0.0,0.0,0.0,0.0,1112383488.0,140111872.0,75530240.0,66330509312.0,0.0,0.0,0.0,0.0
2.911,0.250,96.839,0.0,0.0,0.0,0.0,0.0,1457070080.0,140111872.0,75538432.0,65985814528.0,0.0,0.0,149750.0,108332.0
3.036,0.156,96.808,0.0,0.0,0.0,0.0,0.0,1566883840.0,140111872.0,75538432.0,65876000768.0,0.0,0.0,0.0,0.0
3.160,0.063,96.777,0.0,0.0,0.0,0.0,0.0,1566748672.0,140111872.0,75546624.0,65876127744.0,0.0,0.0,0.0,0.0
3.132,0.031,96.837,0.0,0.0,0.0,0.0,4096.0,1566756864.0,140111872.0,75546624.0,65876119552.0,0.0,1.0,0.0,0.0
3.131,0.094,96.775,0.0,0.0,0.0,0.0,0.0,1566744576.0,140111872.0,75550720.0,65876127744.0,0.0,0.0,4682.0,4592.0
3.158,0.063,96.779,0.0,0.0,0.0,0.0,0.0,1566736384.0,140111872.0,75550720.0,65876135936.0,0.0,0.0,0.0,0.0
3.130,0.063,96.808,0.0,0.0,0.0,0.0,0.0,1566732288.0,140111872.0,75554816.0,65876135936.0,0.0,0.0,0.0,0.0
3.129,0.063,96.809,0.0,0.0,0.0,0.0,0.0,1566732288.0,140111872.0,75554816.0,65876135936.0,0.0,0.0,0.0,0.0
3.161,0.063,96.776,0.0,0.0,0.0,0.0,0.0,1566597120.0,140111872.0,75563008.0,65876262912.0,0.0,0.0,0.0,3770.0
3.129,0.063,96.809,0.0,0.0,0.0,0.0,0.0,1566597120.0,140111872.0,75563008.0,65876262912.0,0.0,0.0,0.0,0.0
3.130,0.063,96.808,0.0,0.0,0.0,0.0,0.0,1566588928.0,140111872.0,75571200.0,65876262912.0,0.0,0.0,1442.0,1134.0
3.129,0.063,96.809,0.0,0.0,0.0,0.0,0.0,1566715904.0,140111872.0,75571200.0,65876135936.0,0.0,0.0,0.0,0.0
3.161,0.031,96.808,0.0,0.0,0.0,0.0,0.0,1566711808.0,140111872.0,75575296.0,65876135936.0,0.0,0.0,683.0,572.0
3.129,0.063,96.809,0.0,0.0,0.0,0.0,0.0,1566711808.0,140111872.0,75575296.0,65876135936.0,0.0,0.0,0.0,0.0
3.130,0.063,96.808,0.0,0.0,0.0,0.0,0.0,1566707712.0,140111872.0,75579392.0,65876135936.0,0.0,0.0,0.0,0.0
3.130,0.031,96.839,0.0,0.0,0.0,0.0,0.0,1566707712.0,140111872.0,75579392.0,65876135936.0,0.0,0.0,0.0,0.0
3.130,0.063,96.808,0.0,0.0,0.0,0.0,0.0,1566564352.0,140111872.0,75587584.0,65876271104.0,0.0,0.0,0.0,0.0
3.158,0.063,96.748,0.0,0.0,0.031,0.0,0.0,1566564352.0,140111872.0,75587584.0,65876271104.0,0.0,0.0,0.0,0.0
3.131,0.063,96.212,0.595,0.0,0.0,0.0,24576.0,1566556160.0,140111872.0,75595776.0,65876271104.0,0.0,6.0,277.0,225.0
3.129,0.063,96.809,0.0,0.0,0.0,0.0,0.0,1566691328.0,140111872.0,75595776.0,65876135936.0,0.0,0.0,0.0,0.0
3.129,0.063,96.809,0.0,0.0,0.0,0.0,0.0,1566687232.0,140111872.0,75599872.0,65876135936.0,0.0,0.0,272.0,7032.0
3.161,0.031,96.808,0.0,0.0,0.0,0.0,0.0,1566687232.0,140111872.0,75599872.0,65876135936.0,0.0,0.0,0.0,0.0
3.129,0.063,96.809,0.0,0.0,0.0,0.0,0.0,1566679040.0,140111872.0,75608064.0,65876135936.0,0.0,0.0,1075.0,1022.0
3.128,0.063,96.778,0.0,0.0,0.031,0.0,0.0,1566687232.0,140111872.0,75608064.0,65876127744.0,0.0,0.0,0.0,0.0
3.132,0.031,96.837,0.0,0.0,0.0,0.0,0.0,1566670848.0,140111872.0,75608064.0,65876144128.0,0.0,0.0,0.0,0.0
3.129,0.063,96.809,0.0,0.0,0.0,0.0,0.0,1566670848.0,140111872.0,75608064.0,65876144128.0,0.0,0.0,0.0,0.0
3.161,0.031,96.808,0.0,0.0,0.0,0.0,0.0,1566662656.0,140111872.0,75616256.0,65876144128.0,0.0,0.0,68.0,662.0
3.129,0.063,96.809,0.0,0.0,0.0,0.0,0.0,1566662656.0,140111872.0,75616256.0,65876144128.0,0.0,0.0,0.0,0.0
3.130,0.063,96.808,0.0,0.0,0.0,0.0,0.0,1566646272.0,140111872.0,75624448.0,65876152320.0,0.0,0.0,120.0,0.0
3.160,0.063,96.777,0.0,0.0,0.0,0.0,0.0,1566781440.0,140111872.0,75624448.0,65876017152.0,0.0,0.0,0.0,0.0
3.129,0.063,96.809,0.0,0.0,0.0,0.0,0.0,1566900224.0,140111872.0,75632640.0,65875890176.0,0.0,0.0,982.0,96668.0
3.131,0.031,96.838,0.0,0.0,0.0,0.0,0.0,1566900224.0,140111872.0,75632640.0,65875890176.0,0.0,0.0,0.0,0.0
3.130,0.063,96.182,0.626,0.0,0.0,0.0,12288.0,1566896128.0,140111872.0,75636736.0,65875890176.0,0.0,3.0,234.0,244.0
3.159,0.063,96.747,0.0,0.0,0.031,0.0,0.0,1566896128.0,140111872.0,75636736.0,65875890176.0,0.0,0.0,0.0,0.0
3.129,0.063,96.809,0.0,0.0,0.0,0.0,0.0,1566892032.0,140111872.0,75640832.0,65875890176.0,0.0,0.0,182.0,252.0
3.129,0.063,96.777,0.0,0.0,0.031,0.0,0.0,1566892032.0,140111872.0,75640832.0,65875890176.0,0.0,0.0,0.0,0.0
3.130,0.063,96.808,0.0,0.0,0.0,0.0,0.0,1566752768.0,140111872.0,75644928.0,65876025344.0,0.0,0.0,0.0,0.0
3.131,0.031,96.838,0.0,0.0,0.0,0.0,0.0,1566748672.0,140111872.0,75649024.0,65876025344.0,0.0,0.0,0.0,0.0
3.130,0.063,96.808,0.0,0.0,0.0,0.0,0.0,1566736384.0,140111872.0,75661312.0,65876025344.0,0.0,0.0,60.0,0.0
3.129,0.063,96.809,0.0,0.0,0.0,0.0,0.0,1566736384.0,140111872.0,75661312.0,65876025344.0,0.0,0.0,0.0,0.0
3.159,0.063,96.778,0.0,0.0,0.0,0.0,0.0,1566744576.0,140111872.0,75661312.0,65876017152.0,0.0,0.0,1599.0,31325.0
3.130,0.063,96.808,0.0,0.0,0.0,0.0,0.0,1566744576.0,140111872.0,75661312.0,65876017152.0,0.0,0.0,0.0,0.0
3.129,0.063,96.809,0.0,0.0,0.0,0.0,0.0,1566744576.0,140111872.0,75661312.0,65876017152.0,0.0,0.0,949.0,709.0
3.129,0.063,96.809,0.0,0.0,0.0,0.0,0.0,1566752768.0,140111872.0,75661312.0,65876008960.0,0.0,0.0,0.0,0.0
3.160,0.031,96.809,0.0,0.0,0.0,0.0,0.0,1566736384.0,140111872.0,75661312.0,65876025344.0,0.0,0.0,399.0,253.0
3.129,0.063,96.777,0.0,0.0,0.031,0.0,0.0,1566732288.0,140111872.0,75661312.0,65876029440.0,0.0,0.0,0.0,0.0
3.129,0.063,96.809,0.0,0.0,0.0,0.0,0.0,1566732288.0,140111872.0,75661312.0,65876029440.0,0.0,0.0,600.0,415.0
3.130,0.031,96.808,0.0,0.0,0.031,0.0,0.0,1566732288.0,140111872.0,75661312.0,65876029440.0,0.0,0.0,0.0,0.0


"Host:","compute-641-18.local",,,,"User:","pg27752"
"Cmdline:","dstat -cdmrn --integer --output OMP_dstat.txt",,,,"Date:","27 Mar 2015 19:33:40 WET"

"total cpu usage",,,,,,"dsk/total",,"memory usage",,,,"io/total",,"net/total",
"usr","sys","idl","wai","hiq","siq","read","writ","used","buff","cach","free","read","writ","recv","send"
27.098,2.031,70.747,0.108,0.000,0.017,15565.573,312498.029,904519680.0,216838144.0,201687040.0,66335490048.0,0.244,2.952,0.0,0.0
0.0,0.094,99.281,0.594,0.0,0.031,0.0,16384.0,904658944.0,216838144.0,201691136.0,66335346688.0,0.0,4.0,0.0,0.0
0.031,0.094,99.875,0.0,0.0,0.0,0.0,0.0,904658944.0,216838144.0,201691136.0,66335346688.0,0.0,0.0,7177.0,8470.0
0.0,0.063,99.937,0.0,0.0,0.0,0.0,0.0,904658944.0,216838144.0,201691136.0,66335346688.0,0.0,0.0,0.0,0.0
0.0,0.094,99.906,0.0,0.0,0.0,0.0,0.0,904667136.0,216838144.0,201691136.0,66335338496.0,0.0,0.0,865.0,4594.0
0.0,0.063,99.937,0.0,0.0,0.0,0.0,0.0,905060352.0,216838144.0,201691136.0,66334945280.0,0.0,0.0,0.0,0.0
0.0,0.063,99.937,0.0,0.0,0.0,0.0,0.0,904929280.0,216838144.0,201691136.0,66335076352.0,0.0,0.0,60.0,0.0
0.031,0.063,99.906,0.0,0.0,0.0,0.0,0.0,904925184.0,216838144.0,201691136.0,66335080448.0,0.0,0.0,0.0,0.0
0.0,0.063,99.937,0.0,0.0,0.0,0.0,0.0,904916992.0,216838144.0,201691136.0,66335088640.0,0.0,0.0,0.0,0.0
0.0,0.094,99.906,0.0,0.0,0.0,0.0,0.0,904916992.0,216838144.0,201691136.0,66335088640.0,0.0,0.0,0.0,0.0
0.0,0.063,99.937,0.0,0.0,0.0,0.0,0.0,904859648.0,216838144.0,201691136.0,66335145984.0,0.0,0.0,182.0,252.0
0.0,0.063,99.937,0.0,0.0,0.0,0.0,0.0,904859648.0,216838144.0,201691136.0,66335145984.0,0.0,0.0,0.0,0.0
0.0,0.063,99.937,0.0,0.0,0.0,0.0,0.0,904732672.0,216838144.0,201691136.0,66335272960.0,0.0,0.0,0.0,0.0
0.0,0.063,99.937,0.0,0.0,0.0,0.0,0.0,904732672.0,216838144.0,201691136.0,66335272960.0,0.0,0.0,0.0,0.0
0.0,0.063,99.937,0.0,0.0,0.0,0.0,0.0,904732672.0,216838144.0,201691136.0,66335272960.0,0.0,0.0,0.0,0.0
0.0,0.094,99.906,0.0,0.0,0.0,0.0,0.0,904732672.0,216838144.0,201691136.0,66335272960.0,0.0,0.0,0.0,0.0
0.0,0.063,99.343,0.595,0.0,0.0,0.0,12288.0,904732672.0,216838144.0,201691136.0,66335272960.0,0.0,3.0,0.0,0.0
0.0,0.063,99.937,0.0,0.0,0.0,0.0,0.0,904732672.0,216838144.0,201691136.0,66335272960.0,0.0,0.0,0.0,0.0
0.031,0.063,99.906,0.0,0.0,0.0,0.0,0.0,904732672.0,216838144.0,201691136.0,66335272960.0,0.0,0.0,0.0,0.0
0.0,0.094,99.906,0.0,0.0,0.0,0.0,0.0,904732672.0,216838144.0,201691136.0,66335272960.0,0.0,0.0,0.0,0.0
0.0,0.063,99.937,0.0,0.0,0.0,0.0,0.0,904732672.0,216838144.0,201691136.0,66335272960.0,0.0,0.0,0.0,0.0
0.0,0.063,99.937,0.0,0.0,0.0,0.0,0.0,904732672.0,216838144.0,201691136.0,66335272960.0,0.0,0.0,0.0,0.0
0.0,0.094,99.906,0.0,0.0,0.0,0.0,0.0,904732672.0,216838144.0,201691136.0,66335272960.0,0.0,0.0,182.0,252.0
0.0,0.063,99.937,0.0,0.0,0.0,0.0,0.0,904732672.0,216838144.0,201691136.0,66335272960.0,0.0,0.0,0.0,0.0
0.0,0.031,99.969,0.0,0.0,0.0,0.0,0.0,904732672.0,216838144.0,201691136.0,66335272960.0,0.0,0.0,0.0,0.0
0.0,0.063,99.937,0.0,0.0,0.0,0.0,0.0,904728576.0,216838144.0,201695232.0,66335272960.0,0.0,0.0,0.0,0.0
0.0,0.063,99.937,0.0,0.0,0.0,0.0,0.0,904728576.0,216838144.0,201695232.0,66335272960.0,0.0,0.0,180.0,0.0
0.0,0.063,99.937,0.0,0.0,0.0,0.0,0.0,904728576.0,216838144.0,201695232.0,66335272960.0,0.0,0.0,0.0,0.0
0.0,0.063,99.937,0.0,0.0,0.0,0.0,0.0,904728576.0,216838144.0,201695232.0,66335272960.0,0.0,0.0,180.0,0.0
0.0,0.063,99.937,0.0,0.0,0.0,0.0,4096.0,904978432.0,216838144.0,201695232.0,66335023104.0,0.0,1.0,0.0,0.0
0.0,0.063,99.937,0.0,0.0,0.0,0.0,0.0,904978432.0,216838144.0,201695232.0,66335023104.0,0.0,0.0,120.0,0.0
0.031,0.094,99.875,0.0,0.0,0.0,0.0,0.0,904851456.0,216838144.0,201695232.0,66335150080.0,0.0,0.0,0.0,0.0
0.0,0.094,99.906,0.0,0.0,0.0,0.0,0.0,904851456.0,216838144.0,201695232.0,66335150080.0,0.0,0.0,0.0,0.0
0.0,0.063,99.937,0.0,0.0,0.0,0.0,0.0,904859648.0,216838144.0,201695232.0,66335141888.0,0.0,0.0,0.0,0.0
0.0,0.063,99.937,0.0,0.0,0.0,0.0,28672.0,904859648.0,216838144.0,201695232.0,66335141888.0,0.0,7.0,332.0,4220.0
0.031,0.063,99.906,0.0,0.0,0.0,0.0,0.0,904859648.0,216838144.0,201695232.0,66335141888.0,0.0,0.0,0.0,0.0
0.0,0.094,99.906,0.0,0.0,0.0,0.0,0.0,904986624.0,216838144.0,201695232.0,66335014912.0,0.0,0.0,0.0,0.0
0.0,0.031,99.969,0.0,0.0,0.0,0.0,0.0,904986624.0,216838144.0,201695232.0,66335014912.0,0.0,0.0,0.0,0.0
0.0,0.063,99.937,0.0,0.0,0.0,0.0,0.0,904986624.0,216838144.0,201695232.0,66335014912.0,0.0,0.0,302.0,252.0
0.0,0.063,99.937,0.0,0.0,0.0,0.0,0.0,904986624.0,216838144.0,201695232.0,66335014912.0,0.0,0.0,0.0,0.0
0.0,0.063,99.937,0.0,0.0,0.0,0.0,0.0,904986624.0,216838144.0,201695232.0,66335014912.0,0.0,0.0,120.0,0.0
0.031,0.094,99.875,0.0,0.0,0.0,0.0,0.0,904986624.0,216838144.0,201695232.0,66335014912.0,0.0,0.0,0.0,0.0
0.0,0.094,99.906,0.0,0.0,0.0,0.0,0.0,904986624.0,216838144.0,201695232.0,66335014912.0,0.0,0.0,188.0,542.0
0.0,0.125,99.875,0.0,0.0,0.0,0.0,0.0,904986624.0,216838144.0,201695232.0,66335014912.0,0.0,0.0,0.0,0.0
0.0,0.063,99.937,0.0,0.0,0.0,0.0,0.0,904978432.0,216838144.0,201695232.0,66335023104.0,0.0,0.0,302.0,252.0
0.031,0.094,99.875,0.0,0.0,0.0,0.0,0.0,904978432.0,216838144.0,201695232.0,66335023104.0,0.0,0.0,0.0,0.0
0.0,0.094,99.906,0.0,0.0,0.0,0.0,0.0,904978432.0,216838144.0,201695232.0,66335023104.0,0.0,0.0,180.0,84.0
0.031,0.063,99.906,0.0,0.0,0.0,0.0,0.0,904978432.0,216838144.0,201695232.0,66335023104.0,0.0,0.0,0.0,0.0
0.0,0.094,99.906,0.0,0.0,0.0,0.0,0.0,904978432.0,216838144.0,201695232.0,66335023104.0,0.0,0.0,174.0,252.0
0.0,0.063,99.937,0.0,0.0,0.0,0.0,0.0,904978432.0,216838144.0,201695232.0,66335023104.0,0.0,0.0,0.0,0.0
0.031,0.063,99.906,0.0,0.0,0.0,0.0,0.0,904978432.0,216838144.0,201695232.0,66335023104.0,0.0,0.0,743.0,572.0
0.0,0.094,99.906,0.0,0.0,0.0,0.0,0.0,904978432.0,216838144.0,201695232.0,66335023104.0,0.0,0.0,0.0,0.0
0.0,0.125,99.875,0.0,0.0,0.0,0.0,0.0,904978432.0,216838144.0,201695232.0,66335023104.0,0.0,0.0,60.0,0.0
0.031,0.125,99.844,0.0,0.0,0.0,0.0,0.0,904978432.0,216838144.0,201695232.0,66335023104.0,0.0,0.0,0.0,0.0
0.0,0.094,99.875,0.0,0.0,0.031,0.0,0.0,904978432.0,216838144.0,201695232.0,66335023104.0,0.0,0.0,120.0,0.0
0.0,0.063,99.937,0.0,0.0,0.0,0.0,0.0,904978432.0,216838144.0,201695232.0,66335023104.0,0.0,0.0,0.0,0.0
0.031,0.063,99.906,0.0,0.0,0.0,0.0,0.0,904978432.0,216838144.0,201695232.0,66335023104.0,0.0,0.0,182.0,252.0
0.0,0.094,99.906,0.0,0.0,0.0,0.0,0.0,904978432.0,216838144.0,201695232.0,66335023104.0,0.0,0.0,0.0,0.0
0.0,0.063,99.937,0.0,0.0,0.0,0.0,0.0,904978432.0,216838144.0,201695232.0,66335023104.0,0.0,0.0,0.0,0.0
0.0,0.063,99.937,0.0,0.0,0.0,0.0,0.0,904978432.0,216838144.0,201695232.0,66335023104.0,0.0,0.0,0.0,0.0
0.0,0.094,99.906,0.0,0.0,0.0,0.0,0.0,904978432.0,216838144.0,201695232.0,66335023104.0,0.0,0.0,60.0,0.0
0.0,0.094,99.906,0.0,0.0,0.0,0.0,0.0,904978432.0,216838144.0,201695232.0,66335023104.0,0.0,0.0,0.0,0.0
0.0,0.094,99.906,0.0,0.0,0.0,0.0,0.0,904978432.0,216838144.0,201695232.0,66335023104.0,0.0,0.0,0.0,0.0
0.031,0.063,99.906,0.0,0.0,0.0,0.0,0.0,904974336.0,216838144.0,201699328.0,66335023104.0,0.0,0.0,0.0,0.0
0.0,0.125,99.875,0.0,0.0,0.0,0.0,0.0,904974336.0,216838144.0,201699328.0,66335023104.0,0.0,0.0,60.0,12524.0
0.0,0.063,99.937,0.0,0.0,0.0,0.0,0.0,904982528.0,216838144.0,201699328.0,66335014912.0,0.0,0.0,0.0,0.0
0.0,0.063,99.937,0.0,0.0,0.0,0.0,0.0,904982528.0,216838144.0,201699328.0,66335014912.0,0.0,0.0,0.0,0.0
0.0,0.063,99.937,0.0,0.0,0.0,0.0,0.0,904982528.0,216838144.0,201699328.0,66335014912.0,0.0,0.0,0.0,0.0
0.0,0.063,99.937,0.0,0.0,0.0,0.0,0.0,904990720.0,216838144.0,201699328.0,66335006720.0,0.0,0.0,538.0,5372.0
0.0,0.063,99.937,0.0,0.0,0.0,0.0,16384.0,904990720.0,216838144.0,201699328.0,66335006720.0,0.0,4.0,0.0,0.0
0.031,0.063,99.906,0.0,0.0,0.0,0.0,0.0,904990720.0,216838144.0,201699328.0,66335006720.0,0.0,0.0,182.0,252.0
0.0,0.094,99.906,0.0,0.0,0.0,0.0,0.0,904990720.0,216838144.0,201699328.0,66335006720.0,0.0,0.0,0.0,0.0
0.0,0.063,99.937,0.0,0.0,0.0,0.0,0.0,904990720.0,216838144.0,201699328.0,66335006720.0,0.0,0.0,182.0,252.0
0.0,0.031,99.969,0.0,0.0,0.0,0.0,0.0,904990720.0,216838144.0,201699328.0,66335006720.0,0.0,0.0,0.0,0.0
0.0,0.063,99.937,0.0,0.0,0.0,0.0,0.0,904990720.0,216838144.0,201699328.0,66335006720.0,0.0,0.0,772.0,1920.0
0.0,0.063,99.937,0.0,0.0,0.0,0.0,0.0,904990720.0,216838144.0,201699328.0,66335006720.0,0.0,0.0,0.0,0.0
0.0,0.094,99.250,0.625,0.0,0.031,0.0,12288.0,904990720.0,216838144.0,201699328.0,66335006720.0,0.0,3.0,0.0,0.0
0.031,0.063,99.906,0.0,0.0,0.0,0.0,0.0,904990720.0,216838144.0,201699328.0,66335006720.0,0.0,0.0,0.0,0.0
0.0,0.031,99.969,0.0,0.0,0.0,0.0,0.0,904990720.0,216838144.0,201699328.0,66335006720.0,0.0,0.0,514.0,2254.0
0.0,0.063,99.937,0.0,0.0,0.0,0.0,0.0,904990720.0,216838144.0,201699328.0,66335006720.0,0.0,0.0,0.0,0.0
0.0,0.063,99.937,0.0,0.0,0.0,0.0,0.0,904933376.0,216838144.0,201699328.0,66335064064.0,0.0,0.0,0.0,0.0
0.031,0.094,99.875,0.0,0.0,0.0,0.0,0.0,904933376.0,216838144.0,201699328.0,66335064064.0,0.0,0.0,0.0,0.0
0.0,0.094,99.906,0.0,0.0,0.0,0.0,0.0,904933376.0,216838144.0,201699328.0,66335064064.0,0.0,0.0,242.0,252.0
0.0,0.063,99.937,0.0,0.0,0.0,0.0,0.0,904949760.0,216838144.0,201699328.0,66335047680.0,0.0,0.0,0.0,0.0
0.031,0.094,99.875,0.0,0.0,0.0,0.0,0.0,904814592.0,216838144.0,201699328.0,66335182848.0,0.0,0.0,0.0,0.0
0.0,0.031,99.969,0.0,0.0,0.0,0.0,0.0,904814592.0,216838144.0,201699328.0,66335182848.0,0.0,0.0,0.0,0.0
0.0,0.063,99.937,0.0,0.0,0.0,0.0,0.0,904814592.0,216838144.0,201699328.0,66335182848.0,0.0,0.0,68.0,542.0
0.031,0.125,99.844,0.0,0.0,0.0,0.0,0.0,904814592.0,216838144.0,201699328.0,66335182848.0,0.0,0.0,0.0,0.0
0.031,0.094,99.875,0.0,0.0,0.0,0.0,0.0,904814592.0,216838144.0,201699328.0,66335182848.0,0.0,0.0,242.0,252.0
0.0,0.031,99.969,0.0,0.0,0.0,0.0,0.0,904814592.0,216838144.0,201699328.0,66335182848.0,0.0,0.0,0.0,0.0
0.0,0.063,99.937,0.0,0.0,0.0,0.0,0.0,904814592.0,216838144.0,201699328.0,66335182848.0,0.0,0.0,0.0,0.0
0.0,0.094,99.906,0.0,0.0,0.0,0.0,0.0,904806400.0,216838144.0,201699328.0,66335191040.0,0.0,0.0,0.0,0.0
0.0,0.063,99.937,0.0,0.0,0.0,0.0,0.0,904814592.0,216838144.0,201699328.0,66335182848.0,0.0,0.0,60.0,42.0
0.0,0.063,99.937,0.0,0.0,0.0,0.0,0.0,904822784.0,216838144.0,201699328.0,66335174656.0,0.0,0.0,0.0,0.0
0.031,0.094,99.875,0.0,0.0,0.0,0.0,0.0,904822784.0,216838144.0,201699328.0,66335174656.0,0.0,0.0,683.0,572.0
0.0,0.063,99.937,0.0,0.0,0.0,0.0,0.0,904822784.0,216838144.0,201699328.0,66335174656.0,0.0,0.0,0.0,0.0
0.0,0.063,99.937,0.0,0.0,0.0,0.0,0.0,904822784.0,216838144.0,201699328.0,66335174656.0,0.0,0.0,0.0,0.0
0.0,0.063,99.937,0.0,0.0,0.0,0.0,0.0,904818688.0,216838144.0,201699328.0,66335178752.0,0.0,0.0,0.0,0.0
0.0,0.031,99.969,0.0,0.0,0.0,0.0,0.0,904818688.0,216838144.0,201699328.0,66335178752.0,0.0,0.0,0.0,0.0
0.0,0.063,99.937,0.0,0.0,0.0,0.0,0.0,904818688.0,216838144.0,201699328.0,66335178752.0,0.0,0.0,0.0,0.0
0.0,0.094,99.906,0.0,0.0,0.0,0.0,0.0,904818688.0,216838144.0,201699328.0,66335178752.0,0.0,0.0,182.0,252.0
0.0,0.094,99.906,0.0,0.0,0.0,0.0,0.0,904945664.0,216838144.0,201699328.0,66335051776.0,0.0,0.0,0.0,0.0
0.031,0.063,99.906,0.0,0.0,0.0,0.0,0.0,904945664.0,216838144.0,201699328.0,66335051776.0,0.0,0.0,0.0,0.0
0.0,0.031,99.969,0.0,0.0,0.0,0.0,0.0,904941568.0,216838144.0,201703424.0,66335051776.0,0.0,0.0,0.0,0.0
0.0,0.063,99.937,0.0,0.0,0.0,0.0,0.0,904941568.0,216838144.0,201703424.0,66335051776.0,0.0,0.0,0.0,0.0
0.0,0.063,99.937,0.0,0.0,0.0,0.0,0.0,904941568.0,216838144.0,201703424.0,66335051776.0,0.0,0.0,0.0,0.0
0.0,0.094,99.906,0.0,0.0,0.0,0.0,0.0,904941568.0,216838144.0,201703424.0,66335051776.0,0.0,0.0,60.0,0.0
0.0,0.094,99.906,0.0,0.0,0.0,0.0,0.0,904941568.0,216838144.0,201703424.0,66335051776.0,0.0,0.0,0.0,0.0
0.0,0.063,99.937,0.0,0.0,0.0,0.0,0.0,904949760.0,216838144.0,201703424.0,66335043584.0,0.0,0.0,592.0,5720.0
0.0,0.063,99.937,0.0,0.0,0.0,0.0,4096.0,904949760.0,216838144.0,201703424.0,66335043584.0,0.0,1.0,0.0,0.0
0.031,0.063,99.906,0.0,0.0,0.0,0.0,0.0,904949760.0,216838144.0,201703424.0,66335043584.0,0.0,0.0,242.0,252.0
0.0,0.094,99.906,0.0,0.0,0.0,0.0,0.0,904949760.0,216838144.0,201703424.0,66335043584.0,0.0,0.0,0.0,0.0
0.0,0.094,99.906,0.0,0.0,0.0,0.0,0.0,904949760.0,216838144.0,201703424.0,66335043584.0,0.0,0.0,182.0,252.0
0.0,0.063,99.937,0.0,0.0,0.0,0.0,0.0,905076736.0,216838144.0,201703424.0,66334916608.0,0.0,0.0,0.0,0.0
0.0,0.063,99.937,0.0,0.0,0.0,0.0,0.0,905076736.0,216838144.0,201703424.0,66334916608.0,0.0,0.0,0.0,0.0
0.0,0.031,99.969,0.0,0.0,0.0,0.0,0.0,905076736.0,216838144.0,201703424.0,66334916608.0,0.0,0.0,0.0,0.0
0.0,0.094,99.906,0.0,0.0,0.0,0.0,0.0,905076736.0,216838144.0,201703424.0,66334916608.0,0.0,0.0,60.0,0.0
0.0,0.063,99.906,0.0,0.0,0.031,0.0,0.0,905203712.0,216838144.0,201703424.0,66334789632.0,0.0,0.0,0.0,0.0
0.0,0.063,99.937,0.0,0.0,0.0,0.0,0.0,905211904.0,216838144.0,201703424.0,66334781440.0,0.0,0.0,0.0,0.0
0.0,0.094,99.906,0.0,0.0,0.0,0.0,0.0,905211904.0,216838144.0,201703424.0,66334781440.0,0.0,0.0,0.0,0.0
0.0,0.063,99.937,0.0,0.0,0.0,0.0,0.0,905195520.0,216838144.0,201703424.0,66334797824.0,0.0,0.0,182.0,252.0
0.0,0.063,99.937,0.0,0.0,0.0,0.0,0.0,905195520.0,216838144.0,201703424.0,66334797824.0,0.0,0.0,0.0,0.0
0.0,0.063,99.937,0.0,0.0,0.0,0.0,0.0,905195520.0,216838144.0,201703424.0,66334797824.0,0.0,0.0,0.0,0.0
0.031,0.094,99.875,0.0,0.0,0.0,0.0,0.0,905195520.0,216838144.0,201703424.0,66334797824.0,0.0,0.0,0.0,0.0
0.0,0.063,99.937,0.0,0.0,0.0,0.0,0.0,905203712.0,216838144.0,201703424.0,66334789632.0,0.0,0.0,60.0,3770.0
0.0,0.094,99.906,0.0,0.0,0.0,0.0,0.0,905211904.0,216838144.0,201703424.0,66334781440.0,0.0,0.0,0.0,0.0
0.031,0.063,99.906,0.0,0.0,0.0,0.0,0.0,905203712.0,216838144.0,201703424.0,66334789632.0,0.0,0.0,60.0,0.0
0.0,0.031,99.969,0.0,0.0,0.0,0.0,0.0,905203712.0,216838144.0,201703424.0,66334789632.0,0.0,0.0,0.0,0.0
0.0,0.094,99.906,0.0,0.0,0.0,0.0,0.0,905203712.0,216838144.0,201703424.0,66334789632.0,0.0,0.0,120.0,0.0
0.0,0.063,99.937,0.0,0.0,0.0,0.0,0.0,905203712.0,216838144.0,201703424.0,66334789632.0,0.0,0.0,0.0,0.0
0.031,0.094,99.875,0.0,0.0,0.0,0.0,0.0,905203712.0,216838144.0,201703424.0,66334789632.0,0.0,0.0,0.0,0.0
0.0,0.094,99.906,0.0,0.0,0.0,0.0,0.0,905203712.0,216838144.0,201703424.0,66334789632.0,0.0,0.0,0.0,0.0
0.031,0.125,99.844,0.0,0.0,0.0,0.0,0.0,905203712.0,216838144.0,201703424.0,66334789632.0,0.0,0.0,310.0,794.0
0.0,0.063,99.937,0.0,0.0,0.0,0.0,0.0,905203712.0,216838144.0,201703424.0,66334789632.0,0.0,0.0,0.0,0.0
0.0,0.094,99.906,0.0,0.0,0.0,0.0,0.0,905203712.0,216838144.0,201703424.0,66334789632.0,0.0,0.0,120.0,0.0
0.0,0.063,99.937,0.0,0.0,0.0,0.0,0.0,905203712.0,216838144.0,201703424.0,66334789632.0,0.0,0.0,0.0,0.0
0.0,0.094,99.311,0.595,0.0,0.0,0.0,12288.0,905330688.0,216838144.0,201703424.0,66334662656.0,0.0,3.0,120.0,42.0
0.0,0.063,99.937,0.0,0.0,0.0,0.0,0.0,905330688.0,216838144.0,201703424.0,66334662656.0,0.0,0.0,0.0,0.0
0.0,0.094,99.906,0.0,0.0,0.0,0.0,0.0,905338880.0,216838144.0,201703424.0,66334654464.0,0.0,0.0,272.0,4244.0
0.0,0.063,99.937,0.0,0.0,0.0,0.0,0.0,905338880.0,216838144.0,201703424.0,66334654464.0,0.0,0.0,0.0,0.0
0.0,0.063,99.906,0.0,0.0,0.031,0.0,0.0,905338880.0,216838144.0,201703424.0,66334654464.0,0.0,0.0,683.0,572.0
0.031,0.094,99.875,0.0,0.0,0.0,0.0,0.0,905334784.0,216838144.0,201707520.0,66334654464.0,0.0,0.0,0.0,0.0
0.0,0.094,99.906,0.0,0.0,0.0,0.0,0.0,905330688.0,216838144.0,201707520.0,66334658560.0,0.0,0.0,242.0,252.0
0.0,0.063,99.937,0.0,0.0,0.0,0.0,0.0,905330688.0,216838144.0,201707520.0,66334658560.0,0.0,0.0,0.0,0.0
0.0,0.063,99.937,0.0,0.0,0.0,0.0,0.0,905330688.0,216838144.0,201707520.0,66334658560.0,0.0,0.0,525.0,4842.0
0.0,0.094,99.906,0.0,0.0,0.0,0.0,0.0,905330688.0,216838144.0,201707520.0,66334658560.0,0.0,0.0,0.0,0.0
0.0,0.031,99.969,0.0,0.0,0.0,0.0,0.0,905330688.0,216838144.0,201707520.0,66334658560.0,0.0,0.0,60.0,0.0
0.0,0.063,99.937,0.0,0.0,0.0,0.0,0.0,905203712.0,216838144.0,201707520.0,66334785536.0,0.0,0.0,0.0,0.0
0.0,0.094,99.906,0.0,0.0,0.0,0.0,0.0,905203712.0,216838144.0,201707520.0,66334785536.0,0.0,0.0,712.0,1588.0
0.0,0.063,99.937,0.0,0.0,0.0,0.0,0.0,905203712.0,216838144.0,201707520.0,66334785536.0,0.0,0.0,0.0,0.0
0.031,0.063,99.906,0.0,0.0,0.0,0.0,0.0,905203712.0,216838144.0,201707520.0,66334785536.0,0.0,0.0,182.0,252.0
0.0,0.094,99.906,0.0,0.0,0.0,0.0,0.0,905203712.0,216838144.0,201707520.0,66334785536.0,0.0,0.0,0.0,0.0
0.0,0.094,99.906,0.0,0.0,0.0,0.0,0.0,905203712.0,216838144.0,201707520.0,66334785536.0,0.0,0.0,182.0,252.0
0.0,0.094,99.906,0.0,0.0,0.0,0.0,0.0,905203712.0,216838144.0,201707520.0,66334785536.0,0.0,0.0,0.0,0.0
0.0,0.094,99.906,0.0,0.0,0.0,0.0,0.0,905203712.0,216838144.0,201707520.0,66334785536.0,0.0,0.0,332.0,1666.0
0.0,0.063,99.937,0.0,0.0,0.0,0.0,0.0,905203712.0,216838144.0,201707520.0,66334785536.0,0.0,0.0,0.0,0.0
0.0,0.094,99.906,0.0,0.0,0.0,0.0,0.0,905203712.0,216838144.0,201707520.0,66334785536.0,0.0,0.0,0.0,0.0
0.031,0.094,99.875,0.0,0.0,0.0,0.0,0.0,905203712.0,216838144.0,201707520.0,66334785536.0,0.0,0.0,0.0,0.0
0.0,0.063,99.937,0.0,0.0,0.0,0.0,0.0,905203712.0,216838144.0,201707520.0,66334785536.0,0.0,0.0,182.0,252.0
0.0,0.063,99.937,0.0,0.0,0.0,0.0,0.0,905203712.0,216838144.0,201707520.0,66334785536.0,0.0,0.0,0.0,0.0
0.0,0.094,99.906,0.0,0.0,0.0,0.0,0.0,905195520.0,216838144.0,201707520.0,66334793728.0,0.0,0.0,60.0,0.0
0.031,0.063,99.906,0.0,0.0,0.0,0.0,0.0,905195520.0,216838144.0,201707520.0,66334793728.0,0.0,0.0,0.0,0.0
0.0,0.063,99.937,0.0,0.0,0.0,0.0,0.0,905195520.0,216838144.0,201707520.0,66334793728.0,0.0,0.0,0.0,0.0
0.0,0.094,99.906,0.0,0.0,0.0,0.0,0.0,905195520.0,216838144.0,201707520.0,66334793728.0,0.0,0.0,0.0,0.0
0.031,0.063,99.906,0.0,0.0,0.0,0.0,0.0,905195520.0,216838144.0,201707520.0,66334793728.0,0.0,0.0,242.0,252.0
0.0,0.063,99.937,0.0,0.0,0.0,0.0,0.0,905195520.0,216838144.0,201707520.0,66334793728.0,0.0,0.0,0.0,0.0
0.0,0.094,99.906,0.0,0.0,0.0,0.0,0.0,905195520.0,216838144.0,201707520.0,66334793728.0,0.0,0.0,0.0,0.0
0.0,0.063,99.937,0.0,0.0,0.0,0.0,0.0,905195520.0,216838144.0,201707520.0,66334793728.0,0.0,0.0,0.0,0.0
0.0,0.094,99.906,0.0,0.0,0.0,0.0,0.0,905203712.0,216838144.0,201707520.0,66334785536.0,0.0,0.0,114.0,252.0
0.0,0.031,99.969,0.0,0.0,0.0,0.0,4096.0,905203712.0,216838144.0,201707520.0,66334785536.0,0.0,1.0,0.0,0.0
0.0,0.063,99.937,0.0,0.0,0.0,0.0,0.0,905195520.0,216838144.0,201707520.0,66334793728.0,0.0,0.0,60.0,0.0
0.0,0.125,99.875,0.0,0.0,0.0,0.0,0.0,905195520.0,216838144.0,201707520.0,66334793728.0,0.0,0.0,0.0,0.0
0.031,0.063,99.906,0.0,0.0,0.0,0.0,0.0,905195520.0,216838144.0,201707520.0,66334793728.0,0.0,0.0,0.0,0.0
0.0,0.063,99.937,0.0,0.0,0.0,0.0,0.0,905195520.0,216838144.0,201707520.0,66334793728.0,0.0,0.0,0.0,0.0
0.0,0.063,99.937,0.0,0.0,0.0,0.0,0.0,905195520.0,216838144.0,201707520.0,66334793728.0,0.0,0.0,0.0,0.0
0.0,0.063,99.937,0.0,0.0,0.0,0.0,0.0,905195520.0,216838144.0,201707520.0,66334793728.0,0.0,0.0,0.0,0.0
0.0,0.063,99.906,0.0,0.0,0.031,0.0,0.0,905195520.0,216838144.0,201707520.0,66334793728.0,0.0,0.0,250.0,794.0
0.0,0.125,99.875,0.0,0.0,0.0,0.0,0.0,905195520.0,216838144.0,201707520.0,66334793728.0,0.0,0.0,0.0,0.0
0.031,0.094,99.875,0.0,0.0,0.0,0.0,0.0,905195520.0,216838144.0,201707520.0,66334793728.0,0.0,0.0,0.0,0.0
0.0,0.063,99.937,0.0,0.0,0.0,0.0,0.0,905195520.0,216838144.0,201707520.0,66334793728.0,0.0,0.0,0.0,0.0
0.0,0.063,99.937,0.0,0.0,0.0,0.0,0.0,905195520.0,216838144.0,201707520.0,66334793728.0,0.0,0.0,0.0,0.0
0.0,0.094,99.906,0.0,0.0,0.0,0.0,0.0,905191424.0,216838144.0,201711616.0,66334793728.0,0.0,0.0,0.0,0.0
0.0,0.063,99.937,0.0,0.0,0.0,0.0,0.0,905191424.0,216838144.0,201711616.0,66334793728.0,0.0,0.0,0.0,0.0
0.0,0.063,99.937,0.0,0.0,0.0,0.0,0.0,905199616.0,216838144.0,201711616.0,66334785536.0,0.0,0.0,0.0,0.0
0.031,0.125,99.844,0.0,0.0,0.0,0.0,0.0,905207808.0,216838144.0,201711616.0,66334777344.0,0.0,0.0,1343.0,9726.0
0.0,0.063,99.937,0.0,0.0,0.0,0.0,0.0,905207808.0,216838144.0,201711616.0,66334777344.0,0.0,0.0,0.0,0.0
0.0,0.063,99.937,0.0,0.0,0.0,0.0,0.0,905207808.0,216838144.0,201711616.0,66334777344.0,0.0,0.0,0.0,0.0
0.0,0.094,99.906,0.0,0.0,0.0,0.0,0.0,905207808.0,216838144.0,201711616.0,66334777344.0,0.0,0.0,0.0,0.0
0.0,0.063,99.937,0.0,0.0,0.0,0.0,0.0,905080832.0,216838144.0,201711616.0,66334904320.0,0.0,0.0,242.0,252.0
0.0,0.094,99.906,0.0,0.0,0.0,0.0,0.0,905080832.0,216838144.0,201711616.0,66334904320.0,0.0,0.0,0.0,0.0
0.031,0.094,99.875,0.0,0.0,0.0,0.0,0.0,905080832.0,216838144.0,201711616.0,66334904320.0,0.0,0.0,60.0,0.0
0.0,0.094,99.906,0.0,0.0,0.0,0.0,0.0,905080832.0,216838144.0,201711616.0,66334904320.0,0.0,0.0,0.0,0.0
0.0,0.094,99.906,0.0,0.0,0.0,0.0,0.0,905080832.0,216838144.0,201711616.0,66334904320.0,0.0,0.0,0.0,0.0
0.0,0.063,99.937,0.0,0.0,0.0,0.0,0.0,905080832.0,216838144.0,201711616.0,66334904320.0,0.0,0.0,0.0,0.0
0.031,0.094,99.875,0.0,0.0,0.0,0.0,0.0,905080832.0,216838144.0,201711616.0,66334904320.0,0.0,0.0,182.0,252.0
0.0,0.063,99.937,0.0,0.0,0.0,0.0,0.0,905072640.0,216838144.0,201711616.0,66334912512.0,0.0,0.0,0.0,0.0
0.0,0.125,99.280,0.594,0.0,0.0,0.0,12288.0,905072640.0,216838144.0,201711616.0,66334912512.0,0.0,3.0,60.0,0.0
0.0,0.063,99.937,0.0,0.0,0.0,0.0,0.0,905072640.0,216838144.0,201711616.0,66334912512.0,0.0,0.0,0.0,0.0
0.031,0.063,99.906,0.0,0.0,0.0,0.0,0.0,905072640.0,216838144.0,201711616.0,66334912512.0,0.0,0.0,0.0,0.0
0.0,0.063,99.937,0.0,0.0,0.0,0.0,0.0,905072640.0,216838144.0,201711616.0,66334912512.0,0.0,0.0,0.0,0.0
0.0,0.063,99.937,0.0,0.0,0.0,0.0,0.0,905072640.0,216838144.0,201711616.0,66334912512.0,0.0,0.0,0.0,0.0
0.0,0.094,99.906,0.0,0.0,0.0,0.0,0.0,905072640.0,216838144.0,201711616.0,66334912512.0,0.0,0.0,0.0,0.0
0.0,0.125,99.875,0.0,0.0,0.0,0.0,0.0,905072640.0,216838144.0,201711616.0,66334912512.0,0.0,0.0,0.0,0.0
0.0,0.063,99.937,0.0,0.0,0.0,0.0,0.0,905072640.0,216838144.0,201711616.0,66334912512.0,0.0,0.0,0.0,0.0
0.0,0.063,99.937,0.0,0.0,0.0,0.0,0.0,905072640.0,216838144.0,201711616.0,66334912512.0,0.0,0.0,0.0,0.0
0.031,0.094,99.875,0.0,0.0,0.0,0.0,0.0,905072640.0,216838144.0,201711616.0,66334912512.0,0.0,0.0,0.0,0.0
0.0,0.063,99.937,0.0,0.0,0.0,0.0,0.0,905072640.0,216838144.0,201711616.0,66334912512.0,0.0,0.0,302.0,252.0
0.0,0.063,99.937,0.0,0.0,0.0,0.0,0.0,905072640.0,216838144.0,201711616.0,66334912512.0,0.0,0.0,0.0,0.0
0.0,0.094,99.875,0.0,0.0,0.031,0.0,0.0,905072640.0,216838144.0,201711616.0,66334912512.0,0.0,0.0,60.0,0.0
0.0,0.063,99.937,0.0,0.0,0.0,0.0,0.0,905072640.0,216838144.0,201711616.0,66334912512.0,0.0,0.0,0.0,0.0
0.0,0.094,99.906,0.0,0.0,0.0,0.0,0.0,905072640.0,216838144.0,201711616.0,66334912512.0,0.0,0.0,60.0,0.0
0.0,0.063,99.937,0.0,0.0,0.0,0.0,0.0,905072640.0,216838144.0,201711616.0,66334912512.0,0.0,0.0,0.0,0.0
0.0,0.094,99.906,0.0,0.0,0.0,0.0,0.0,905072640.0,216838144.0,201711616.0,66334912512.0,0.0,0.0,60.0,0.0
0.031,0.063,99.906,0.0,0.0,0.0,0.0,0.0,905080832.0,216838144.0,201711616.0,66334904320.0,0.0,0.0,0.0,0.0
0.0,0.094,99.906,0.0,0.0,0.0,0.0,0.0,905080832.0,216838144.0,201711616.0,66334904320.0,0.0,0.0,332.0,3896.0
0.0,0.063,99.937,0.0,0.0,0.0,0.0,0.0,905080832.0,216838144.0,201711616.0,66334904320.0,0.0,0.0,0.0,0.0
0.0,0.063,99.937,0.0,0.0,0.0,0.0,0.0,905080832.0,216838144.0,201711616.0,66334904320.0,0.0,0.0,120.0,0.0
0.0,0.094,99.906,0.0,0.0,0.0,0.0,0.0,905080832.0,216838144.0,201711616.0,66334904320.0,0.0,0.0,0.0,0.0
0.0,0.031,99.969,0.0,0.0,0.0,0.0,0.0,905080832.0,216838144.0,201711616.0,66334904320.0,0.0,0.0,514.0,4672.0
0.0,0.063,99.937,0.0,0.0,0.0,0.0,0.0,905076736.0,216838144.0,201715712.0,66334904320.0,0.0,0.0,0.0,0.0
0.031,0.125,99.844,0.0,0.0,0.0,0.0,0.0,905076736.0,216838144.0,201715712.0,66334904320.0,0.0,0.0,180.0,0.0
0.0,0.063,99.937,0.0,0.0,0.0,0.0,0.0,905076736.0,216838144.0,201715712.0,66334904320.0,0.0,0.0,0.0,0.0
0.031,0.125,99.844,0.0,0.0,0.0,0.0,0.0,905076736.0,216838144.0,201715712.0,66334904320.0,0.0,0.0,490.0,794.0
0.0,0.063,99.937,0.0,0.0,0.0,0.0,0.0,905076736.0,216838144.0,201715712.0,66334904320.0,0.0,0.0,0.0,0.0
0.0,0.063,99.937,0.0,0.0,0.0,0.0,0.0,905076736.0,216838144.0,201715712.0,66334904320.0,0.0,0.0,840.0,5472.0
0.0,0.094,99.906,0.0,0.0,0.0,0.0,0.0,905076736.0,216838144.0,201715712.0,66334904320.0,0.0,0.0,0.0,0.0
0.0,0.094,99.906,0.0,0.0,0.0,0.0,0.0,905076736.0,216838144.0,201715712.0,66334904320.0,0.0,0.0,240.0,42.0
0.0,0.094,99.906,0.0,0.0,0.0,0.0,0.0,905076736.0,216838144.0,201715712.0,66334904320.0,0.0,0.0,0.0,0.0
0.031,0.063,99.906,0.0,0.0,0.0,0.0,0.0,905076736.0,216838144.0,201715712.0,66334904320.0,0.0,0.0,826.0,2012.0
0.0,0.063,99.937,0.0,0.0,0.0,0.0,4096.0,905076736.0,216838144.0,201715712.0,66334904320.0,0.0,1.0,0.0,0.0
0.0,0.063,99.937,0.0,0.0,0.0,0.0,0.0,905076736.0,216838144.0,201715712.0,66334904320.0,0.0,0.0,925.0,824.0
0.0,0.094,99.906,0.0,0.0,0.0,0.0,0.0,905076736.0,216838144.0,201715712.0,66334904320.0,0.0,0.0,0.0,0.0
0.031,0.094,99.875,0.0,0.0,0.0,0.0,0.0,905076736.0,216838144.0,201715712.0,66334904320.0,0.0,0.0,182.0,252.0
0.0,0.063,99.937,0.0,0.0,0.0,0.0,0.0,905076736.0,216838144.0,201715712.0,66334904320.0,0.0,0.0,0.0,0.0
0.0,0.094,99.906,0.0,0.0,0.0,0.0,0.0,905076736.0,216838144.0,201715712.0,66334904320.0,0.0,0.0,272.0,1846.0
0.0,0.063,99.937,0.0,0.0,0.0,0.0,0.0,905076736.0,216838144.0,201715712.0,66334904320.0,0.0,0.0,0.0,0.0
0.0,0.031,99.969,0.0,0.0,0.0,0.0,0.0,904949760.0,216838144.0,201715712.0,66335031296.0,0.0,0.0,60.0,0.0
0.031,0.094,99.875,0.0,0.0,0.0,0.0,0.0,904949760.0,216838144.0,201715712.0,66335031296.0,0.0,0.0,0.0,0.0
0.0,0.094,99.906,0.0,0.0,0.0,0.0,0.0,904949760.0,216838144.0,201715712.0,66335031296.0,0.0,0.0,182.0,252.0
0.0,0.063,99.937,0.0,0.0,0.0,0.0,0.0,904941568.0,216838144.0,201715712.0,66335039488.0,0.0,0.0,0.0,0.0
0.0,0.094,99.906,0.0,0.0,0.0,0.0,0.0,904941568.0,216838144.0,201715712.0,66335039488.0,0.0,0.0,60.0,0.0
0.031,0.063,99.906,0.0,0.0,0.0,0.0,0.0,904941568.0,216838144.0,201715712.0,66335039488.0,0.0,0.0,0.0,0.0
0.0,0.063,99.937,0.0,0.0,0.0,0.0,0.0,904941568.0,216838144.0,201715712.0,66335039488.0,0.0,0.0,0.0,0.0
0.0,0.063,99.937,0.0,0.0,0.0,0.0,0.0,904925184.0,216838144.0,201715712.0,66335055872.0,0.0,0.0,0.0,0.0
0.0,0.063,99.937,0.0,0.0,0.0,0.0,0.0,904941568.0,216838144.0,201715712.0,66335039488.0,0.0,0.0,242.0,12776.0
0.0,0.063,99.937,0.0,0.0,0.0,0.0,0.0,905076736.0,216838144.0,201715712.0,66334904320.0,0.0,0.0,0.0,0.0
0.031,0.031,99.937,0.0,0.0,0.0,0.0,0.0,905076736.0,216838144.0,201715712.0,66334904320.0,0.0,0.0,0.0,0.0
0.0,0.094,99.906,0.0,0.0,0.0,0.0,0.0,905076736.0,216838144.0,201715712.0,66334904320.0,0.0,0.0,0.0,0.0
0.0,0.063,99.906,0.0,0.0,0.031,0.0,0.0,905076736.0,216838144.0,201715712.0,66334904320.0,0.0,0.0,0.0,0.0
0.0,0.063,99.937,0.0,0.0,0.0,0.0,0.0,905076736.0,216838144.0,201715712.0,66334904320.0,0.0,0.0,0.0,0.0
0.0,0.094,99.906,0.0,0.0,0.0,0.0,0.0,905076736.0,216838144.0,201715712.0,66334904320.0,0.0,0.0,60.0,0.0
0.0,0.125,99.875,0.0,0.0,0.0,0.0,0.0,905076736.0,216838144.0,201715712.0,66334904320.0,0.0,0.0,0.0,0.0
0.031,0.094,99.875,0.0,0.0,0.0,0.0,0.0,905076736.0,216838144.0,201715712.0,66334904320.0,0.0,0.0,0.0,0.0
0.0,0.063,99.937,0.0,0.0,0.0,0.0,0.0,905076736.0,216838144.0,201715712.0,66334904320.0,0.0,0.0,0.0,0.0
0.0,0.094,99.906,0.0,0.0,0.0,0.0,0.0,905076736.0,216838144.0,201715712.0,66334904320.0,0.0,0.0,0.0,0.0
0.0,0.063,99.937,0.0,0.0,0.0,0.0,0.0,905076736.0,216838144.0,201715712.0,66334904320.0,0.0,0.0,0.0,0.0
0.0,0.125,99.311,0.563,0.0,0.0,0.0,12288.0,905076736.0,216838144.0,201715712.0,66334904320.0,0.0,3.0,182.0,252.0
0.031,0.094,99.875,0.0,0.0,0.0,0.0,0.0,905076736.0,216838144.0,201715712.0,66334904320.0,0.0,0.0,0.0,0.0
0.0,0.063,99.937,0.0,0.0,0.0,0.0,0.0,905076736.0,216838144.0,201715712.0,66334904320.0,0.0,0.0,0.0,0.0
0.0,0.063,99.937,0.0,0.0,0.0,0.0,0.0,905072640.0,216838144.0,201719808.0,66334904320.0,0.0,0.0,0.0,0.0
0.0,0.094,99.906,0.0,0.0,0.0,0.0,0.0,904945664.0,216838144.0,201719808.0,66335031296.0,0.0,0.0,0.0,0.0
0.0,0.063,99.937,0.0,0.0,0.0,0.0,0.0,904945664.0,216838144.0,201719808.0,66335031296.0,0.0,0.0,0.0,0.0
0.0,0.094,99.906,0.0,0.0,0.0,0.0,0.0,904945664.0,216838144.0,201719808.0,66335031296.0,0.0,0.0,0.0,0.0
0.031,0.094,99.875,0.0,0.0,0.0,0.0,0.0,905207808.0,216838144.0,201719808.0,66334769152.0,0.0,0.0,0.0,0.0
0.0,0.063,99.937,0.0,0.0,0.0,0.0,0.0,905080832.0,216838144.0,201719808.0,66334896128.0,0.0,0.0,660.0,5564.0
0.0,0.063,99.937,0.0,0.0,0.0,0.0,0.0,905080832.0,216838144.0,201719808.0,66334896128.0,0.0,0.0,0.0,0.0
0.0,0.094,99.312,0.594,0.0,0.0,0.0,12288.0,905080832.0,216838144.0,201719808.0,66334896128.0,0.0,3.0,68.0,542.0
0.031,0.094,99.875,0.0,0.0,0.0,0.0,0.0,904953856.0,216838144.0,201719808.0,66335023104.0,0.0,0.0,0.0,0.0
0.0,0.125,99.875,0.0,0.0,0.0,0.0,0.0,904953856.0,216838144.0,201719808.0,66335023104.0,0.0,0.0,242.0,252.0
0.0,0.063,99.937,0.0,0.0,0.0,0.0,0.0,904953856.0,216838144.0,201719808.0,66335023104.0,0.0,0.0,0.0,0.0
0.0,0.063,99.937,0.0,0.0,0.0,0.0,0.0,904953856.0,216838144.0,201719808.0,66335023104.0,0.0,0.0,0.0,0.0
0.0,0.094,99.906,0.0,0.0,0.0,0.0,0.0,904953856.0,216838144.0,201719808.0,66335023104.0,0.0,0.0,0.0,0.0
0.031,0.063,99.906,0.0,0.0,0.0,0.0,0.0,904953856.0,216838144.0,201719808.0,66335023104.0,0.0,0.0,120.0,42.0
0.0,0.063,99.937,0.0,0.0,0.0,0.0,0.0,904953856.0,216838144.0,201719808.0,66335023104.0,0.0,0.0,0.0,0.0
0.0,0.094,99.906,0.0,0.0,0.0,0.0,0.0,904953856.0,216838144.0,201719808.0,66335023104.0,0.0,0.0,865.0,824.0
0.0,0.094,99.906,0.0,0.0,0.0,0.0,0.0,904945664.0,216838144.0,201719808.0,66335031296.0,0.0,0.0,0.0,0.0
0.0,0.063,99.937,0.0,0.0,0.0,0.0,0.0,904945664.0,216838144.0,201719808.0,66335031296.0,0.0,0.0,0.0,0.0
0.0,0.063,99.906,0.0,0.0,0.031,0.0,0.0,904945664.0,216838144.0,201719808.0,66335031296.0,0.0,0.0,0.0,0.0
0.0,0.063,99.937,0.0,0.0,0.0,0.0,0.0,904945664.0,216838144.0,201719808.0,66335031296.0,0.0,0.0,60.0,0.0
0.031,0.094,99.875,0.0,0.0,0.0,0.0,0.0,904945664.0,216838144.0,201719808.0,66335031296.0,0.0,0.0,0.0,0.0
0.0,0.063,99.937,0.0,0.0,0.0,0.0,0.0,904945664.0,216838144.0,201719808.0,66335031296.0,0.0,0.0,0.0,0.0
0.0,0.094,99.906,0.0,0.0,0.0,0.0,0.0,904945664.0,216838144.0,201719808.0,66335031296.0,0.0,0.0,0.0,0.0
0.0,0.063,99.937,0.0,0.0,0.0,0.0,0.0,904945664.0,216838144.0,201719808.0,66335031296.0,0.0,0.0,0.0,0.0
0.0,0.063,99.937,0.0,0.0,0.0,0.0,0.0,904945664.0,216838144.0,201719808.0,66335031296.0,0.0,0.0,0.0,0.0
0.031,0.094,99.875,0.0,0.0,0.0,0.0,0.0,904945664.0,216838144.0,201719808.0,66335031296.0,0.0,0.0,0.0,0.0
0.0,0.031,99.969,0.0,0.0,0.0,0.0,0.0,904945664.0,216838144.0,201719808.0,66335031296.0,0.0,0.0,0.0,0.0
0.0,0.125,99.875,0.0,0.0,0.0,0.0,0.0,904945664.0,216838144.0,201719808.0,66335031296.0,0.0,0.0,242.0,252.0
0.0,0.063,99.937,0.0,0.0,0.0,0.0,0.0,904945664.0,216838144.0,201719808.0,66335031296.0,0.0,0.0,0.0,0.0
0.031,0.063,99.906,0.0,0.0,0.0,0.0,0.0,904945664.0,216838144.0,201719808.0,66335031296.0,0.0,0.0,174.0,252.0
0.0,0.094,99.906,0.0,0.0,0.0,0.0,4096.0,904945664.0,216838144.0,201719808.0,66335031296.0,0.0,1.0,0.0,0.0
0.0,0.031,99.969,0.0,0.0,0.0,0.0,0.0,904945664.0,216838144.0,201719808.0,66335031296.0,0.0,0.0,120.0,0.0
0.0,0.063,99.937,0.0,0.0,0.0,0.0,0.0,904945664.0,216838144.0,201719808.0,66335031296.0,0.0,0.0,0.0,0.0
0.0,0.094,99.906,0.0,0.0,0.0,0.0,0.0,904945664.0,216838144.0,201719808.0,66335031296.0,0.0,0.0,0.0,0.0
0.031,0.063,99.906,0.0,0.0,0.0,0.0,0.0,904953856.0,216838144.0,201719808.0,66335023104.0,0.0,0.0,0.0,0.0
0.0,0.094,99.906,0.0,0.0,0.0,0.0,0.0,904953856.0,216838144.0,201719808.0,66335023104.0,0.0,0.0,392.0,4088.0
0.0,0.063,99.937,0.0,0.0,0.0,0.0,0.0,904953856.0,216838144.0,201719808.0,66335023104.0,0.0,0.0,0.0,0.0
0.0,0.063,99.937,0.0,0.0,0.0,0.0,0.0,904962048.0,216838144.0,201719808.0,66335014912.0,0.0,0.0,240.0,0.0
0.0,0.063,99.937,0.0,0.0,0.0,0.0,0.0,904949760.0,216838144.0,201723904.0,66335023104.0,0.0,0.0,0.0,0.0
0.0,0.125,99.875,0.0,0.0,0.0,0.0,0.0,904949760.0,216838144.0,201723904.0,66335023104.0,0.0,0.0,634.0,4930.0
0.0,0.063,99.937,0.0,0.0,0.0,0.0,0.0,904949760.0,216838144.0,201723904.0,66335023104.0,0.0,0.0,0.0,0.0
0.0,0.094,99.906,0.0,0.0,0.0,0.0,0.0,904949760.0,216838144.0,201723904.0,66335023104.0,0.0,0.0,120.0,0.0
0.031,0.094,99.281,0.594,0.0,0.0,0.0,16384.0,904949760.0,216838144.0,201723904.0,66335023104.0,0.0,4.0,0.0,0.0
0.0,0.094,99.906,0.0,0.0,0.0,0.0,0.0,904949760.0,216838144.0,201723904.0,66335023104.0,0.0,0.0,182.0,252.0
0.0,0.063,99.937,0.0,0.0,0.0,0.0,0.0,904949760.0,216838144.0,201723904.0,66335023104.0,0.0,0.0,0.0,0.0
0.0,0.094,99.906,0.0,0.0,0.0,0.0,0.0,904949760.0,216838144.0,201723904.0,66335023104.0,0.0,0.0,464.0,4954.0
0.0,0.063,99.937,0.0,0.0,0.0,0.0,0.0,904957952.0,216838144.0,201723904.0,66335014912.0,0.0,0.0,0.0,0.0
0.031,0.063,99.875,0.0,0.0,0.031,0.0,0.0,904957952.0,216838144.0,201723904.0,66335014912.0,0.0,0.0,0.0,0.0
0.0,0.063,99.937,0.0,0.0,0.0,0.0,0.0,904957952.0,216838144.0,201723904.0,66335014912.0,0.0,0.0,0.0,0.0
0.0,0.094,99.906,0.0,0.0,0.0,0.0,0.0,904966144.0,216838144.0,201723904.0,66335006720.0,0.0,0.0,568.0,1696.0
0.031,0.125,99.844,0.0,0.0,0.0,0.0,0.0,905736192.0,216838144.0,201723904.0,66334236672.0,0.0,0.0,0.0,0.0
0.031,0.125,99.844,0.0,0.0,0.0,0.0,0.0,905998336.0,216838144.0,201723904.0,66333974528.0,0.0,0.0,6626.0,12946.0
0.0,0.063,99.937,0.0,0.0,0.0,0.0,0.0,906125312.0,216838144.0,201723904.0,66333847552.0,0.0,0.0,0.0,0.0
0.031,0.125,99.844,0.0,0.0,0.0,0.0,0.0,905871360.0,216838144.0,201723904.0,66334101504.0,0.0,0.0,503.0,892.0
0.031,0.063,99.906,0.0,0.0,0.0,0.0,0.0,905871360.0,216838144.0,201723904.0,66334101504.0,0.0,0.0,0.0,0.0
0.0,0.063,99.343,0.594,0.0,0.0,0.0,20480.0,905863168.0,216838144.0,201723904.0,66334109696.0,0.0,5.0,0.0,0.0
0.0,0.063,99.937,0.0,0.0,0.0,0.0,0.0,905850880.0,216838144.0,201723904.0,66334121984.0,0.0,0.0,0.0,0.0
0.0,0.094,99.906,0.0,0.0,0.0,0.0,0.0,905850880.0,216838144.0,201723904.0,66334121984.0,0.0,0.0,60.0,0.0
0.0,0.063,99.937,0.0,0.0,0.0,0.0,0.0,905756672.0,216838144.0,201723904.0,66334216192.0,0.0,0.0,0.0,0.0
0.0,0.094,99.906,0.0,0.0,0.0,0.0,0.0,905756672.0,216838144.0,201723904.0,66334216192.0,0.0,0.0,182.0,252.0
0.0,0.063,99.937,0.0,0.0,0.0,0.0,0.0,905756672.0,216838144.0,201723904.0,66334216192.0,0.0,0.0,0.0,0.0
0.0,0.063,99.937,0.0,0.0,0.0,0.0,0.0,905732096.0,216838144.0,201723904.0,66334240768.0,0.0,0.0,949.0,706.0
0.031,0.094,99.875,0.0,0.0,0.0,0.0,0.0,905732096.0,216838144.0,201723904.0,66334240768.0,0.0,0.0,0.0,0.0
0.0,0.094,99.906,0.0,0.0,0.0,0.0,0.0,905859072.0,216838144.0,201723904.0,66334113792.0,0.0,0.0,592.0,268.0
