compute-431-3
	Iozone: Performance Test of File I/O
	        Version $Revision: 3.397 $
		Compiled for 64 bit mode.
		Build: linux-AMD64 

	Contributors:William Norcott, Don Capps, Isom Crawford, Kirby Collins
	             Al Slater, Scott Rhine, Mike Wisner, Ken Goss
	             Steve Landherr, Brad Smith, Mark Kelly, Dr. Alain CYR,
	             Randy Dunlap, Mark Montague, Dan Million, Gavin Brebner,
	             Jean-Marc Zucconi, Jeff Blomberg, Benny Halevy, Dave Boone,
	             Erik Habbinga, Kris Strecker, Walter Wong, Joshua Root,
	             Fabrice Bacchella, Zhenghua Xue, Qin Li, Darren Sawyer.
	             Ben England.

	Run began: Fri May  1 23:32:54 2015

	Excel chart generation enabled
	Auto Mode
	Command line used: /opt/iozone/bin/iozone -Ra -b 431_3.xls -f 431_3.tmp
	Output is in Kbytes/sec
	Time Resolution = 0.000001 seconds.
	Processor cache size set to 1024 Kbytes.
	Processor cache line size set to 32 bytes.
	File stride size set to 17 * record size.
                                                            random  random    bkwd   record   stride                                   
              KB  reclen   write rewrite    read    reread    read   write    read  rewrite     read   fwrite frewrite   fread  freread
              64       4  610350 1232453  3022727  4564786 2923952 1526887 2133730  2067979  3588436  1452528  1357066 2772930  3588436
              64       8 1033216 1392258  4564786  5283570 3363612 1780008 2662899  2444640  4897948  1690338  1638743 3791156  4897948
              64      16 1083249 1562436  4018152  4897948 3791156 1049372 2662899  2379626  4018152  1599680  1828508 3958892  4018152
              64      32 1105556 1526887  4564786  4897948 4274062 1933893 2923952  2203800  4274062  1947927  2133730 3738358  4564786
              64      64 1124074 1690338  5860307  5860307 4564786 2052169 2467108  2133730  4018152  2067979  1780008 4018152  5283570
             128       4 1015251 1526043  2969325  4267461 3124872 1684006 2558895  2326073  3053774  1684006  1436229 3759450  3895854
             128       8 1471662 1504659  4596273  5325799 4557257 1967960 3297617  2969325  5847904  1778862  1755594 4135958  4557257
             128      16 1111981 1618028  4267461  4759253 3982553 2035099 2784517  2608629  4267461  1885042  1885042 3785961  4444086
             128      32 1175271 1705404  4717434  4934216 4596273 2004703 3297617  2499332  4407601  2286447  2132084 3867787  4717434
             128      64 1048974 1684006  4889281  5847904 4934216 2166499 3560017  2453642  4407601  1858934  2920861 4135958  6727225
             128     128 1306873 1802755  5545860  5784891 5325799 1526043 3867787  2211113  4267461  2286447  1967960 4557257  5122535
             256       4  917880 1463250  4117018  4132864 3123106 1729594 2842047  2392442  3078337  1766587  1642294 3557725  2783115
             256       8 1219045 1952947  4572895  5022044 4117018 2325094 3465855  3454704  3994490  2170027  1817419 3994490  4652146
             256      16 1248819 1752173  4652146  4652146 5022044 2266207 4197489  2665657  4572895  2131261  1924938 3935921  4496299
             256      32 1280084 1718521  4755158  4652146 5022044 2325094 3717869  2943325  4572895  2266207  2045979 4496299  4907284
             256      64 1673001 1683493  5022044  5810112 4840911 2392442 4652146  2911402  4840911  2539563  2305128 4652146  5242734
             256     128 1334162 2152625  5117791  5810112 5117791 2330140 4840911  3285566  4840911  2118645  3123106 4734192  5320671
             256     256 1361224 2247235  6719046  6936061 5455847 2639446 4734192  2533571  4553502  2509882  2170027 4819184  5810112
             512       4 1120344 1472083  3736016  4610256 3163620 1809465 3029721  2297251  3481620  1783912  2014892 4131319  5164632
             512       8 1270094 1741948  4099771  5067142 4163357 2235086 3849877  3905895  4571003  2681653  2022482 4411377  5079126
             512      16 1236455 1809465  4742616  4973263 4784885 2317080 4131319  2906696  4784885  2187279  1869318 4061007  5019764
             512      32 1333173 1917728  4131319  5067142 4784885 2381315 4827914  2942541  4784885  2265742  1968713 3736016  5067142
             512      64 1354190 1854787  5699180  6491676 5384786 2007358 4494470  4099771  5822804  2424328  2285029 3140488  5624545
             512     128 1347393 2424328  6104175  8808176 5509113 2753870 4916336  3415178  5760329  2841317  2655129 4973263  5822804
             512     256 1406520 1977778  5278892  5886650 5384786 2427068 4610256  2922519  5509113  2327124  3409755 4532414  5744919
             512     512 1394645 1917728  9468384  9638369 6821616 2800557 5331314  2695115  5439343  2782414  2402629 5439343  6821616
            1024       4 1113030 1556257  4374559  5226256 3403826 1683768 3999762  3603747  4300102  2579861  2028027 4195100  3835457
            1024       8 1304745 2255990  5950309  6692005 7927135 2751762 4715569  4079544  5390231  2375790  1999700 4130547  6093831
            1024      16 1335165 1818510  4826859  5853003 4826859 2328140 3668386  2837198  4162573  2132761  1799462 3849207  4832290
            1024      32 1324868 2510493  5782087  8610501 5363307 2942149 4783849  3891053  5917516  2619192  1771262 4095102  5096034
            1024      64 1385560 1928757  7485055  8750850 5277632 2498809 4949226  3877004  6819511  2504637  2019445 5751117  6874084
            1024     128 1446211 1976691  6441107  8122014 7257394 3579719 5593820  5277632  6830356  2653170  2364021 4832290  7160597
            1024     256 1416169 1947119  5151040  5958564 7524394 3506651 5251818  4130547  6692005  2942149  2751762 5310258  6650556
            1024     512 1442326 1921852  5630486  6918376 6874084 2822283 5144870  3151562  5917516  2421329  3606774 5226256  6863100
            1024    1024 1446211 2000631  9464330  9485232 7472033 3951918 5660167  3529706  5529011  2942149  2541692 5536137  6918376
            2048       4 1774484 2226060  5535444  6097316 4611288 2556676 3657149  3061485  3878414  2070459  1574169 3887189  5222461
            2048       8 1317918 2553635  5475461  6711905 5816563 2752473 4783331  4188565  5611381  2632683  1943069 5447681  6397004
            2048      16 1950570 2612664  5920802  7503399 6440169 3070239 4875642  4240255  6345027  2599225  2011785 5184636  6759439
            2048      32 1429082 2169281  5884299  7582884 8498106 3663388 5264067  4120256  6851089  2763987  1894641 7503399  8190205
            2048      64 1462911 2100328  6243566  8830061 7496851 3396834 5095447  4432815  6207471  2525110  2068465 4839929  6895083
            2048     128 1475476 2737561  6114678  8464610 8128206 3792790 5172149  4079167  7013303  2648920  2782790 5735012  7529708
            2048     256 1434092 2117935  5376082  6759439 6207471 2741930 4983122  3592903  6851089  2492143  2230685 4983122  6280083
            2048     512 1466909 2848305  6171791  8793903 8531869 3561619 5372719  3476572  6503556  2864451  2531062 6303124  9268323
            2048    1024 1502575 2295665  6416117  7470770 6003564 2798201 5521212  3246623  7874853  3102397  4081105 5503525  7311791
            2048    2048 1449336 2102899  9228493  9140117 9228493 3459769 6007763  3929871  6583305  3953383  3145567 6189580  8830061
            4096       4 1226362 2320724  5640500  7585581 5672159 2872500 4607338  4095510  5711761  2838800  2283401 5513780  7392988
            4096       8 1335519 2571141  6659365  8788530 7261741 3524939 5784846  4691638  6595451  2917377  2506983 6105563  8028705
            4096      16 1331999 2610602  6252213  5304384 4643451 2299908 5475122  4988629  8189447  3091124  2488463 6769576  8393502
            4096      32 1404179 2176373  6680080  7555557 6964419 3205315 6005255  3390670  8340529  3482778  2070910 5883908  6967243
            4096      64 1455081 2161314  6389405  7715028 7612471 3187474 6293440  3771811  6151473  2224851  2321978 6430059  7639552
            4096     128 1518218 2441083  6263611  8224733 7683972 3454069 5424983  4342950  6782940  2572681  2229470 5489116  7212959
            4096     256 1454589 2387152  6595451  6131713 5761565 2549015 5587302  5618365 10065509  3524939  2682340 5894001  7701194
            4096     512 1453973 2222261  6077484  7788478 7788478 2803592 5468151  3052133  5340661  2270725  2705147 5910222  7770863
            4096    1024 1494836 2176373  6605595  8276241 7892238 3295072 5001700  4977067  8224733  3552638  2728780 5520868  6919538
            4096    2048 1526718 2585847  6769576  7863339 7863339 3237937 5728903  3717133  6727163  2747106  3319264 5792648  7670249
            4096    4096 1509282 2415003  5784846  5859825 5828019 2446993 5565581  3031667  4954103  2455738  2625764 5389246  5736555
            8192       4 1205613 1891867  4676190  5309142 4181641 1872485 3796318  3880349  5326425  2786495  1527791 4087619  4259926
            8192       8 1415798 1861831  4946832  5468852 4571664 2642689 5265210  4047176  7313997  3292485  2315532 5208541  5389927
            8192      16 1407332 1888021  6989645  8990446 8490582 3571399 5274909  3315359  5013234  2066651  2170572 6765318  8799346
            8192      32 1414399 2249880  6855760  9133841 9023500 3763056 6292063  5868638  8022717  3159282  2678953 6660405  8419841
            8192      64 1474489 2745307  6775991  9526362 9845745 3913942 5884720  3642192  5561803  2122831  2218359 5326425  5622783
            8192     128 1484362 2349254  5410295  6365501 6307078 2678118 5271672  3715045  9373038  3338228  2132846 5789530  6895660
            8192     256 1472846 1937090  5595314  7320230 8990446 3801358 5486317  3390605  5721087  2503659  2048050 5432536  5546540
            8192     512 1525824 2343805  5414558  5424817 5713476 2366241 5329730  3710232  6233844  2310860  2262473 4929091  5553712
            8192    1024 1486996 1903290  4938300  5637544 5599873 2350540 4793620  3072825  7823601  2967980  2026668 5447177  6278267
            8192    2048 1534341 2511345  5162371  5592582 5637544 2394606 5940679  3982903  8226319  2795791  2349897 5642173  5361332
            8192    4096 1479250 1933928  5224380  5432536 6698058 2754551 4776959  4164914  6099933  2101666  3281793 4657175  5016894
            8192    8192 1598141 2022254  4824582  4421075 4435342 2546522 4273171  2882575  4493932  2008307  2052699 4700499  4810398
           16384       4 1270470 2093012  4527330  4379601 3180749 1956994 3360068  3832695  4877940  2383130  1779891 3861554  3823738
           16384       8 1347366 1763041  5027467  5179805 5731014 2653691 4825871  5509102  6289072  2709031  1787856 5608926  4813027
           16384      16 1894779 2377276  5529493  4834359 4641387 2504098 5189976  4624209  6901066  2743423  1866930 5059671  5410639
           16384      32 1469815 1986180  5960159  5914504 6809433 2947334 5537068  5853544  7460745  2892135  2559593 4267811  4462070
           16384      64 1516055 1987156  5264728  6606494 7850240 3175164 5512638  6072338  7999188  2995773  1979486 5651363  5342079
           16384     128 1570701 2150117  5444935  7019493 7440550 3267718 5649504  6313339  7376654  3008890  2118956 5968441  6992351
           16384     256 1594093 2603522  4787877  4716244 5108948 3143501 5137595  5264728  6977442  2908046  1870334 4729877  4753434
           16384     512 1740006 2599386  5385620  5391536 5938526 3278005 5276856  3302581  5113510  2137743  2514451 4850054  4804615
           16384    1024 1721912 2668426  5363343  4880712 5005860 2857857 5078742  3375417  8436179  2308516  1758304 4960332  5028939
           16384    2048 1562452 2117911  5483167  4942138 5013529 3171501 4915624  5121513  8591217  2193001  1668766 4961764  6445388
           16384    4096 1931417 2208436  5403831  6820923 6435127 3073898 4749163  3954439  7526113  2249645  2143410 5132606  4674538
           16384    8192 1497488 1866727  3964248  4240161 4619236 2632747 3891513  2924630  4181592  2368019  2639624 4053575  4533304
           16384   16384 1583916 1834534  4213125  4262252 4161586 2464936 3528815  2502092  3535533  2342911  2021707 3531899  3792506
           32768      64 1891149 2290962  5922355  6974895 6937925 2925240 4826686  3671421  4795529  2374640  2250411 4936423  4695267
           32768     128 1710230 2573676  5371687  4801057 6137364 3021446 5124914  6454106  6727045  2640274  2033908 4997451  6724412
           32768     256 1843808 2208677  5676995  6284415 6322286 3046224 5330643  5768975  6317346  2732286  2458578 4763451  5434344
           32768     512 2041491 2292758  5175086  4938729 6294489 2989505 4725780  5440583  6270080  2707846  2414564 4729846  5377151
           32768    1024 1814979 2709448  4835857  6222390 6364150 3065588 5172554  5414434  6476003  2200825  1861816 5096975  4689179
           32768    2048 2051854 2414394  4804750  5743661 6493749 3089015 5774065  5327337  9219879  2068561  1934920 5195628  6288441
           32768    4096 1836147 2689196  4996725  6435370 6217886 3012571 5202905  4974660  6241606  1960758  1731104 4751758  6050366
           32768    8192 1503530 1885726  4318475  4679759 4606201 2492644 3718203  2978362  4037950  2103223  2072741 3950779  4297545
           32768   16384 1655196 2009200  3922814  4174708 4164210 2486961 4026122  2679079  4040443  2657786  2538593 3631262  4162570
           65536      64 1931165 2443102  6419410  7088171 6918856 2921938 5474477  6407588  6907207  2732824  2389457 5285218  7075764
           65536     128 1957585 2529664  5236586  6731955 6647301 2981619 5297543  6408783  6258204  2690639  2488848 5841033  6823194
           65536     256 2062118 2588820  5082631  6292444 6263623 3060121 4814243  5730586  6149558  2620185  2503970 5254203  6207748
           65536     512 2161978 2686117  5459906  6358380 6306302 3078974 5905281  5375764  6293020  2717183  2570446 5450487  6347954
           65536    1024 2107946 2585144  5340773  6413868 6384372 3108184 5221169  5451784  6227297  2132989  2115229 5893506  6308184
           65536    2048 2061669 2703527  5692844  6323421 6267193 3030166 5117644  5375343  6346635  1946137  1875393 5736685  6309487
           65536    4096 1924971 2387381  5043556  6296191 6197251 3011080 5861835  4851288  8435510  1861234  1837077 5917485  6148457
           65536    8192 1665757 2177133  4033969  4173238 4127431 2371235 3904415  2954062  4368494  1904288  1826433 3991732  4339528
           65536   16384 1847436 2139963  4014468  4147610 4146546 2456552 3895175  2804739  3854105  2212941  2135126 4140737  4145233
          131072      64 2196433 2575284  6054992  7093824 6879015 2891369 6326754  6525848  6844159  2695623  2582337 6341496  7092634
          131072     128 2130491 2627433  6273473  6712705 6577221 2971672 6313386  6470166  6704763  2684252  2517325 6178572  6828432
          131072     256 2197425 2639556  6125972  6251359 6210470 3014461 5876862  5881892  6219604  2634875  2620232 5661352  6320063
          131072     512 2186465 2685353  5899629  6271111 6232366 3049678 5788865  5580835  6232648  2698892  2602754 6110312  6363960
          131072    1024 2122381 2702740  6267751  5699561 5609764 2885072 5826226  5352254  6226084  2129171  2085411 5846177  6382208
          131072    2048 2131490 2691414  5860323  6450730 6406528 3080420 5671163  5372234  6323989  1920216  1913459 5917728  6393416
          131072    4096 2215811 2679529  5665786  5804266 6297620 2967709 6016360  4937195  6065882  1832972  1786988 5732905  6194026
          131072    8192 1832428 2182091  4210210  4307053 4334389 2449577 4039328  3035751  4254325  1830921  1803336 4064112  4280060
          131072   16384 1836205 2270866  4109100  4095234 4120341 2456824 4057963  2825987  3931972  2013640  2014039 4145477  4138954
          262144      64 2144958 2674203  6893066  7120598 6846069 2880453 6549826  5912694  6820630  2719249  2629751   88546  5791298
          262144     128 2251534 2687748  6773402  6254019 6235116 2997097 6382868  6573321  6743078  2735397  2660929 5310321  5417092
          262144     256 2169724 2754682  6085920  6361044 6303787 3069676 6185691  5786086  6242833  2678764  2627878 4764352  4891940
          262144     512 2211772 2731659  6076167  6352701 5996241 2983151 6134441  5220733  5789011  2642607  2556725 6049522  6342221
          262144    1024 2263022 2695649  6140059  6382682 6360087 3080858 6052319  5457938  6342843  2153823  2113503 6142220  6370626
          262144    2048 2255895 2699341  6316570  6414108 6405775 3053980 6249255  5434281  6027402  1881125  1777658 6013031  6419613
          262144    4096 2205446 2694512  6114859  6315808 6266458 3056611 5981757  4818197  5755827  1801713  1760396  112962  5194760
          262144    8192 1903554 2251691  4333327  4431927 4417220 2342143 4320760  3007591  4067146  1768389  1753929 4373731  4417646
          262144   16384 1883232 2220299  4241406  4258012 4256545 2427237 4095735  2786156  3648186  1876223  1891998  110797  3719721
          524288      64 2171701 2346804  5538406  5640288 5438956 2595447 5335352  6371915  5280797  2364841  2370498 5443587  5610299
          524288     128 2232923 2799681  6750195  6897256 6751417 3056555 6584714  6523669  6659311  2654809  2660066   95002  5545781
          524288     256 2230622 2784325    54397  5374498 6117356 3121281   19033  5901884  4774415  1922131  2381006   88791  5355832
          524288     512 2264245 2821771  6102485  6113070 6247920 3043143 6297375  5477704  6224188  2653870  2603125 5952463  6299485
          524288    1024 2291368 2744488  6170413  6401650 6394464 3062609 6149362  5381179  6381067  2144117  2112548 6187236  6398911
          524288    2048 2255438 2759732  6221071  6416462 6396957 3065435 6176167  5347470  6222691  1936285  1903394 6225580  6403365
          524288    4096 2231344 2680739  6046724  6297988 6300857 3038996 6185548  5216483  6270565  1826106  1797157   99471  5155288
          524288    8192 1912558 2252987  4323604  4391206 4401719 2456510 4297050  2999087  4207024  1759639  1778369 4297436  4401604
          524288   16384 1934826 2276563  4069101  4103368 4135315 2430926 4235571  2864636  4077113  1885481  1871748 4169880  4215209

iozone test complete.
Excel output is below:

"Writer report"
        "4"  "8"  "16"  "32"  "64"  "128"  "256"  "512"  "1024"  "2048"  "4096"  "8192"  "16384"
"64"   610350  1033216  1083249  1105556  1124074 
"128"   1015251  1471662  1111981  1175271  1048974  1306873 
"256"   917880  1219045  1248819  1280084  1673001  1334162  1361224 
"512"   1120344  1270094  1236455  1333173  1354190  1347393  1406520  1394645 
"1024"   1113030  1304745  1335165  1324868  1385560  1446211  1416169  1442326  1446211 
"2048"   1774484  1317918  1950570  1429082  1462911  1475476  1434092  1466909  1502575  1449336 
"4096"   1226362  1335519  1331999  1404179  1455081  1518218  1454589  1453973  1494836  1526718  1509282 
"8192"   1205613  1415798  1407332  1414399  1474489  1484362  1472846  1525824  1486996  1534341  1479250  1598141 
"16384"   1270470  1347366  1894779  1469815  1516055  1570701  1594093  1740006  1721912  1562452  1931417  1497488  1583916 
"32768"   0  0  0  0  1891149  1710230  1843808  2041491  1814979  2051854  1836147  1503530  1655196 
"65536"   0  0  0  0  1931165  1957585  2062118  2161978  2107946  2061669  1924971  1665757  1847436 
"131072"   0  0  0  0  2196433  2130491  2197425  2186465  2122381  2131490  2215811  1832428  1836205 
"262144"   0  0  0  0  2144958  2251534  2169724  2211772  2263022  2255895  2205446  1903554  1883232 
"524288"   0  0  0  0  2171701  2232923  2230622  2264245  2291368  2255438  2231344  1912558  1934826 

"Re-writer report"
        "4"  "8"  "16"  "32"  "64"  "128"  "256"  "512"  "1024"  "2048"  "4096"  "8192"  "16384"
"64"   1232453  1392258  1562436  1526887  1690338 
"128"   1526043  1504659  1618028  1705404  1684006  1802755 
"256"   1463250  1952947  1752173  1718521  1683493  2152625  2247235 
"512"   1472083  1741948  1809465  1917728  1854787  2424328  1977778  1917728 
"1024"   1556257  2255990  1818510  2510493  1928757  1976691  1947119  1921852  2000631 
"2048"   2226060  2553635  2612664  2169281  2100328  2737561  2117935  2848305  2295665  2102899 
"4096"   2320724  2571141  2610602  2176373  2161314  2441083  2387152  2222261  2176373  2585847  2415003 
"8192"   1891867  1861831  1888021  2249880  2745307  2349254  1937090  2343805  1903290  2511345  1933928  2022254 
"16384"   2093012  1763041  2377276  1986180  1987156  2150117  2603522  2599386  2668426  2117911  2208436  1866727  1834534 
"32768"   0  0  0  0  2290962  2573676  2208677  2292758  2709448  2414394  2689196  1885726  2009200 
"65536"   0  0  0  0  2443102  2529664  2588820  2686117  2585144  2703527  2387381  2177133  2139963 
"131072"   0  0  0  0  2575284  2627433  2639556  2685353  2702740  2691414  2679529  2182091  2270866 
"262144"   0  0  0  0  2674203  2687748  2754682  2731659  2695649  2699341  2694512  2251691  2220299 
"524288"   0  0  0  0  2346804  2799681  2784325  2821771  2744488  2759732  2680739  2252987  2276563 

"Reader report"
        "4"  "8"  "16"  "32"  "64"  "128"  "256"  "512"  "1024"  "2048"  "4096"  "8192"  "16384"
"64"   3022727  4564786  4018152  4564786  5860307 
"128"   2969325  4596273  4267461  4717434  4889281  5545860 
"256"   4117018  4572895  4652146  4755158  5022044  5117791  6719046 
"512"   3736016  4099771  4742616  4131319  5699180  6104175  5278892  9468384 
"1024"   4374559  5950309  4826859  5782087  7485055  6441107  5151040  5630486  9464330 
"2048"   5535444  5475461  5920802  5884299  6243566  6114678  5376082  6171791  6416117  9228493 
"4096"   5640500  6659365  6252213  6680080  6389405  6263611  6595451  6077484  6605595  6769576  5784846 
"8192"   4676190  4946832  6989645  6855760  6775991  5410295  5595314  5414558  4938300  5162371  5224380  4824582 
"16384"   4527330  5027467  5529493  5960159  5264728  5444935  4787877  5385620  5363343  5483167  5403831  3964248  4213125 
"32768"   0  0  0  0  5922355  5371687  5676995  5175086  4835857  4804750  4996725  4318475  3922814 
"65536"   0  0  0  0  6419410  5236586  5082631  5459906  5340773  5692844  5043556  4033969  4014468 
"131072"   0  0  0  0  6054992  6273473  6125972  5899629  6267751  5860323  5665786  4210210  4109100 
"262144"   0  0  0  0  6893066  6773402  6085920  6076167  6140059  6316570  6114859  4333327  4241406 
"524288"   0  0  0  0  5538406  6750195  54397  6102485  6170413  6221071  6046724  4323604  4069101 

"Re-Reader report"
        "4"  "8"  "16"  "32"  "64"  "128"  "256"  "512"  "1024"  "2048"  "4096"  "8192"  "16384"
"64"   4564786  5283570  4897948  4897948  5860307 
"128"   4267461  5325799  4759253  4934216  5847904  5784891 
"256"   4132864  5022044  4652146  4652146  5810112  5810112  6936061 
"512"   4610256  5067142  4973263  5067142  6491676  8808176  5886650  9638369 
"1024"   5226256  6692005  5853003  8610501  8750850  8122014  5958564  6918376  9485232 
"2048"   6097316  6711905  7503399  7582884  8830061  8464610  6759439  8793903  7470770  9140117 
"4096"   7585581  8788530  5304384  7555557  7715028  8224733  6131713  7788478  8276241  7863339  5859825 
"8192"   5309142  5468852  8990446  9133841  9526362  6365501  7320230  5424817  5637544  5592582  5432536  4421075 
"16384"   4379601  5179805  4834359  5914504  6606494  7019493  4716244  5391536  4880712  4942138  6820923  4240161  4262252 
"32768"   0  0  0  0  6974895  4801057  6284415  4938729  6222390  5743661  6435370  4679759  4174708 
"65536"   0  0  0  0  7088171  6731955  6292444  6358380  6413868  6323421  6296191  4173238  4147610 
"131072"   0  0  0  0  7093824  6712705  6251359  6271111  5699561  6450730  5804266  4307053  4095234 
"262144"   0  0  0  0  7120598  6254019  6361044  6352701  6382682  6414108  6315808  4431927  4258012 
"524288"   0  0  0  0  5640288  6897256  5374498  6113070  6401650  6416462  6297988  4391206  4103368 

"Random read report"
        "4"  "8"  "16"  "32"  "64"  "128"  "256"  "512"  "1024"  "2048"  "4096"  "8192"  "16384"
"64"   2923952  3363612  3791156  4274062  4564786 
"128"   3124872  4557257  3982553  4596273  4934216  5325799 
"256"   3123106  4117018  5022044  5022044  4840911  5117791  5455847 
"512"   3163620  4163357  4784885  4784885  5384786  5509113  5384786  6821616 
"1024"   3403826  7927135  4826859  5363307  5277632  7257394  7524394  6874084  7472033 
"2048"   4611288  5816563  6440169  8498106  7496851  8128206  6207471  8531869  6003564  9228493 
"4096"   5672159  7261741  4643451  6964419  7612471  7683972  5761565  7788478  7892238  7863339  5828019 
"8192"   4181641  4571664  8490582  9023500  9845745  6307078  8990446  5713476  5599873  5637544  6698058  4435342 
"16384"   3180749  5731014  4641387  6809433  7850240  7440550  5108948  5938526  5005860  5013529  6435127  4619236  4161586 
"32768"   0  0  0  0  6937925  6137364  6322286  6294489  6364150  6493749  6217886  4606201  4164210 
"65536"   0  0  0  0  6918856  6647301  6263623  6306302  6384372  6267193  6197251  4127431  4146546 
"131072"   0  0  0  0  6879015  6577221  6210470  6232366  5609764  6406528  6297620  4334389  4120341 
"262144"   0  0  0  0  6846069  6235116  6303787  5996241  6360087  6405775  6266458  4417220  4256545 
"524288"   0  0  0  0  5438956  6751417  6117356  6247920  6394464  6396957  6300857  4401719  4135315 

"Random write report"
        "4"  "8"  "16"  "32"  "64"  "128"  "256"  "512"  "1024"  "2048"  "4096"  "8192"  "16384"
"64"   1526887  1780008  1049372  1933893  2052169 
"128"   1684006  1967960  2035099  2004703  2166499  1526043 
"256"   1729594  2325094  2266207  2325094  2392442  2330140  2639446 
"512"   1809465  2235086  2317080  2381315  2007358  2753870  2427068  2800557 
"1024"   1683768  2751762  2328140  2942149  2498809  3579719  3506651  2822283  3951918 
"2048"   2556676  2752473  3070239  3663388  3396834  3792790  2741930  3561619  2798201  3459769 
"4096"   2872500  3524939  2299908  3205315  3187474  3454069  2549015  2803592  3295072  3237937  2446993 
"8192"   1872485  2642689  3571399  3763056  3913942  2678118  3801358  2366241  2350540  2394606  2754551  2546522 
"16384"   1956994  2653691  2504098  2947334  3175164  3267718  3143501  3278005  2857857  3171501  3073898  2632747  2464936 
"32768"   0  0  0  0  2925240  3021446  3046224  2989505  3065588  3089015  3012571  2492644  2486961 
"65536"   0  0  0  0  2921938  2981619  3060121  3078974  3108184  3030166  3011080  2371235  2456552 
"131072"   0  0  0  0  2891369  2971672  3014461  3049678  2885072  3080420  2967709  2449577  2456824 
"262144"   0  0  0  0  2880453  2997097  3069676  2983151  3080858  3053980  3056611  2342143  2427237 
"524288"   0  0  0  0  2595447  3056555  3121281  3043143  3062609  3065435  3038996  2456510  2430926 

"Backward read report"
        "4"  "8"  "16"  "32"  "64"  "128"  "256"  "512"  "1024"  "2048"  "4096"  "8192"  "16384"
"64"   2133730  2662899  2662899  2923952  2467108 
"128"   2558895  3297617  2784517  3297617  3560017  3867787 
"256"   2842047  3465855  4197489  3717869  4652146  4840911  4734192 
"512"   3029721  3849877  4131319  4827914  4494470  4916336  4610256  5331314 
"1024"   3999762  4715569  3668386  4783849  4949226  5593820  5251818  5144870  5660167 
"2048"   3657149  4783331  4875642  5264067  5095447  5172149  4983122  5372719  5521212  6007763 
"4096"   4607338  5784846  5475122  6005255  6293440  5424983  5587302  5468151  5001700  5728903  5565581 
"8192"   3796318  5265210  5274909  6292063  5884720  5271672  5486317  5329730  4793620  5940679  4776959  4273171 
"16384"   3360068  4825871  5189976  5537068  5512638  5649504  5137595  5276856  5078742  4915624  4749163  3891513  3528815 
"32768"   0  0  0  0  4826686  5124914  5330643  4725780  5172554  5774065  5202905  3718203  4026122 
"65536"   0  0  0  0  5474477  5297543  4814243  5905281  5221169  5117644  5861835  3904415  3895175 
"131072"   0  0  0  0  6326754  6313386  5876862  5788865  5826226  5671163  6016360  4039328  4057963 
"262144"   0  0  0  0  6549826  6382868  6185691  6134441  6052319  6249255  5981757  4320760  4095735 
"524288"   0  0  0  0  5335352  6584714  19033  6297375  6149362  6176167  6185548  4297050  4235571 

"Record rewrite report"
        "4"  "8"  "16"  "32"  "64"  "128"  "256"  "512"  "1024"  "2048"  "4096"  "8192"  "16384"
"64"   2067979  2444640  2379626  2203800  2133730 
"128"   2326073  2969325  2608629  2499332  2453642  2211113 
"256"   2392442  3454704  2665657  2943325  2911402  3285566  2533571 
"512"   2297251  3905895  2906696  2942541  4099771  3415178  2922519  2695115 
"1024"   3603747  4079544  2837198  3891053  3877004  5277632  4130547  3151562  3529706 
"2048"   3061485  4188565  4240255  4120256  4432815  4079167  3592903  3476572  3246623  3929871 
"4096"   4095510  4691638  4988629  3390670  3771811  4342950  5618365  3052133  4977067  3717133  3031667 
"8192"   3880349  4047176  3315359  5868638  3642192  3715045  3390605  3710232  3072825  3982903  4164914  2882575 
"16384"   3832695  5509102  4624209  5853544  6072338  6313339  5264728  3302581  3375417  5121513  3954439  2924630  2502092 
"32768"   0  0  0  0  3671421  6454106  5768975  5440583  5414434  5327337  4974660  2978362  2679079 
"65536"   0  0  0  0  6407588  6408783  5730586  5375764  5451784  5375343  4851288  2954062  2804739 
"131072"   0  0  0  0  6525848  6470166  5881892  5580835  5352254  5372234  4937195  3035751  2825987 
"262144"   0  0  0  0  5912694  6573321  5786086  5220733  5457938  5434281  4818197  3007591  2786156 
"524288"   0  0  0  0  6371915  6523669  5901884  5477704  5381179  5347470  5216483  2999087  2864636 

"Stride read report"
        "4"  "8"  "16"  "32"  "64"  "128"  "256"  "512"  "1024"  "2048"  "4096"  "8192"  "16384"
"64"   3588436  4897948  4018152  4274062  4018152 
"128"   3053774  5847904  4267461  4407601  4407601  4267461 
"256"   3078337  3994490  4572895  4572895  4840911  4840911  4553502 
"512"   3481620  4571003  4784885  4784885  5822804  5760329  5509113  5439343 
"1024"   4300102  5390231  4162573  5917516  6819511  6830356  6692005  5917516  5529011 
"2048"   3878414  5611381  6345027  6851089  6207471  7013303  6851089  6503556  7874853  6583305 
"4096"   5711761  6595451  8189447  8340529  6151473  6782940  10065509  5340661  8224733  6727163  4954103 
"8192"   5326425  7313997  5013234  8022717  5561803  9373038  5721087  6233844  7823601  8226319  6099933  4493932 
"16384"   4877940  6289072  6901066  7460745  7999188  7376654  6977442  5113510  8436179  8591217  7526113  4181592  3535533 
"32768"   0  0  0  0  4795529  6727045  6317346  6270080  6476003  9219879  6241606  4037950  4040443 
"65536"   0  0  0  0  6907207  6258204  6149558  6293020  6227297  6346635  8435510  4368494  3854105 
"131072"   0  0  0  0  6844159  6704763  6219604  6232648  6226084  6323989  6065882  4254325  3931972 
"262144"   0  0  0  0  6820630  6743078  6242833  5789011  6342843  6027402  5755827  4067146  3648186 
"524288"   0  0  0  0  5280797  6659311  4774415  6224188  6381067  6222691  6270565  4207024  4077113 

"Fwrite report"
        "4"  "8"  "16"  "32"  "64"  "128"  "256"  "512"  "1024"  "2048"  "4096"  "8192"  "16384"
"64"   1452528  1690338  1599680  1947927  2067979 
"128"   1684006  1778862  1885042  2286447  1858934  2286447 
"256"   1766587  2170027  2131261  2266207  2539563  2118645  2509882 
"512"   1783912  2681653  2187279  2265742  2424328  2841317  2327124  2782414 
"1024"   2579861  2375790  2132761  2619192  2504637  2653170  2942149  2421329  2942149 
"2048"   2070459  2632683  2599225  2763987  2525110  2648920  2492143  2864451  3102397  3953383 
"4096"   2838800  2917377  3091124  3482778  2224851  2572681  3524939  2270725  3552638  2747106  2455738 
"8192"   2786495  3292485  2066651  3159282  2122831  3338228  2503659  2310860  2967980  2795791  2101666  2008307 
"16384"   2383130  2709031  2743423  2892135  2995773  3008890  2908046  2137743  2308516  2193001  2249645  2368019  2342911 
"32768"   0  0  0  0  2374640  2640274  2732286  2707846  2200825  2068561  1960758  2103223  2657786 
"65536"   0  0  0  0  2732824  2690639  2620185  2717183  2132989  1946137  1861234  1904288  2212941 
"131072"   0  0  0  0  2695623  2684252  2634875  2698892  2129171  1920216  1832972  1830921  2013640 
"262144"   0  0  0  0  2719249  2735397  2678764  2642607  2153823  1881125  1801713  1768389  1876223 
"524288"   0  0  0  0  2364841  2654809  1922131  2653870  2144117  1936285  1826106  1759639  1885481 

"Re-Fwrite report"
        "4"  "8"  "16"  "32"  "64"  "128"  "256"  "512"  "1024"  "2048"  "4096"  "8192"  "16384"
"64"   1357066  1638743  1828508  2133730  1780008 
"128"   1436229  1755594  1885042  2132084  2920861  1967960 
"256"   1642294  1817419  1924938  2045979  2305128  3123106  2170027 
"512"   2014892  2022482  1869318  1968713  2285029  2655129  3409755  2402629 
"1024"   2028027  1999700  1799462  1771262  2019445  2364021  2751762  3606774  2541692 
"2048"   1574169  1943069  2011785  1894641  2068465  2782790  2230685  2531062  4081105  3145567 
"4096"   2283401  2506983  2488463  2070910  2321978  2229470  2682340  2705147  2728780  3319264  2625764 
"8192"   1527791  2315532  2170572  2678953  2218359  2132846  2048050  2262473  2026668  2349897  3281793  2052699 
"16384"   1779891  1787856  1866930  2559593  1979486  2118956  1870334  2514451  1758304  1668766  2143410  2639624  2021707 
"32768"   0  0  0  0  2250411  2033908  2458578  2414564  1861816  1934920  1731104  2072741  2538593 
"65536"   0  0  0  0  2389457  2488848  2503970  2570446  2115229  1875393  1837077  1826433  2135126 
"131072"   0  0  0  0  2582337  2517325  2620232  2602754  2085411  1913459  1786988  1803336  2014039 
"262144"   0  0  0  0  2629751  2660929  2627878  2556725  2113503  1777658  1760396  1753929  1891998 
"524288"   0  0  0  0  2370498  2660066  2381006  2603125  2112548  1903394  1797157  1778369  1871748 

"Fread report"
        "4"  "8"  "16"  "32"  "64"  "128"  "256"  "512"  "1024"  "2048"  "4096"  "8192"  "16384"
"64"   2772930  3791156  3958892  3738358  4018152 
"128"   3759450  4135958  3785961  3867787  4135958  4557257 
"256"   3557725  3994490  3935921  4496299  4652146  4734192  4819184 
"512"   4131319  4411377  4061007  3736016  3140488  4973263  4532414  5439343 
"1024"   4195100  4130547  3849207  4095102  5751117  4832290  5310258  5226256  5536137 
"2048"   3887189  5447681  5184636  7503399  4839929  5735012  4983122  6303124  5503525  6189580 
"4096"   5513780  6105563  6769576  5883908  6430059  5489116  5894001  5910222  5520868  5792648  5389246 
"8192"   4087619  5208541  6765318  6660405  5326425  5789530  5432536  4929091  5447177  5642173  4657175  4700499 
"16384"   3861554  5608926  5059671  4267811  5651363  5968441  4729877  4850054  4960332  4961764  5132606  4053575  3531899 
"32768"   0  0  0  0  4936423  4997451  4763451  4729846  5096975  5195628  4751758  3950779  3631262 
"65536"   0  0  0  0  5285218  5841033  5254203  5450487  5893506  5736685  5917485  3991732  4140737 
"131072"   0  0  0  0  6341496  6178572  5661352  6110312  5846177  5917728  5732905  4064112  4145477 
"262144"   0  0  0  0  88546  5310321  4764352  6049522  6142220  6013031  112962  4373731  110797 
"524288"   0  0  0  0  5443587  95002  88791  5952463  6187236  6225580  99471  4297436  4169880 

"Re-Fread report"
        "4"  "8"  "16"  "32"  "64"  "128"  "256"  "512"  "1024"  "2048"  "4096"  "8192"  "16384"
"64"   3588436  4897948  4018152  4564786  5283570 
"128"   3895854  4557257  4444086  4717434  6727225  5122535 
"256"   2783115  4652146  4496299  4907284  5242734  5320671  5810112 
"512"   5164632  5079126  5019764  5067142  5624545  5822804  5744919  6821616 
"1024"   3835457  6093831  4832290  5096034  6874084  7160597  6650556  6863100  6918376 
"2048"   5222461  6397004  6759439  8190205  6895083  7529708  6280083  9268323  7311791  8830061 
"4096"   7392988  8028705  8393502  6967243  7639552  7212959  7701194  7770863  6919538  7670249  5736555 
"8192"   4259926  5389927  8799346  8419841  5622783  6895660  5546540  5553712  6278267  5361332  5016894  4810398 
"16384"   3823738  4813027  5410639  4462070  5342079  6992351  4753434  4804615  5028939  6445388  4674538  4533304  3792506 
"32768"   0  0  0  0  4695267  6724412  5434344  5377151  4689179  6288441  6050366  4297545  4162570 
"65536"   0  0  0  0  7075764  6823194  6207748  6347954  6308184  6309487  6148457  4339528  4145233 
"131072"   0  0  0  0  7092634  6828432  6320063  6363960  6382208  6393416  6194026  4280060  4138954 
"262144"   0  0  0  0  5791298  5417092  4891940  6342221  6370626  6419613  5194760  4417646  3719721 
"524288"   0  0  0  0  5610299  5545781  5355832  6299485  6398911  6403365  5155288  4401604  4215209 
