"Dstat 0.7.2 CSV output"
"Author:","Dag Wieers <dag@wieers.com>",,,,"URL:","http://dag.wieers.com/home-made/dstat/"
"Host:","compute-662-1.local",,,,"User:","pg27752"
"Cmdline:","dstat -cdmrn --integer --output SER_ep.txt",,,,"Date:","20 Mar 2015 14:02:36 WET"

"total cpu usage",,,,,,"dsk/total",,"memory usage",,,,"io/total",,"net/total",
"usr","sys","idl","wai","hiq","siq","read","writ","used","buff","cach","free","read","writ","recv","send"
0.897,0.077,99.012,0.013,0.000,0.001,203.620,1080.534,931348480.0,195395584.0,478773248.0,66048716800.0,0.013,0.200,0.0,0.0
0.0,0.062,99.938,0.0,0.0,0.0,0.0,0.0,931115008.0,195395584.0,478777344.0,66048946176.0,0.0,0.0,3176.0,5496.0
0.0,0.063,99.937,0.0,0.0,0.0,0.0,0.0,931115008.0,195395584.0,478777344.0,66048946176.0,0.0,0.0,0.0,0.0
0.021,0.063,99.917,0.0,0.0,0.0,0.0,0.0,931115008.0,195395584.0,478777344.0,66048946176.0,0.0,0.0,1800.0,1380.0
0.0,0.042,99.958,0.0,0.0,0.0,0.0,0.0,931115008.0,195395584.0,478777344.0,66048946176.0,0.0,0.0,0.0,0.0
0.021,0.042,99.917,0.0,0.0,0.021,0.0,0.0,931106816.0,195395584.0,478777344.0,66048954368.0,0.0,0.0,720.0,664.0
0.0,0.042,99.958,0.0,0.0,0.0,0.0,0.0,931106816.0,195395584.0,478777344.0,66048954368.0,0.0,0.0,0.0,0.0
0.021,0.063,99.917,0.0,0.0,0.0,0.0,4096.0,930922496.0,195395584.0,478777344.0,66049138688.0,0.0,1.0,900.0,570.0
0.0,0.042,99.958,0.0,0.0,0.0,0.0,0.0,930922496.0,195395584.0,478777344.0,66049138688.0,0.0,0.0,0.0,0.0
0.021,0.063,99.917,0.0,0.0,0.0,0.0,0.0,931614720.0,195395584.0,478777344.0,66048446464.0,0.0,0.0,600.0,342.0
0.021,0.042,99.937,0.0,0.0,0.0,0.0,0.0,931614720.0,195395584.0,478777344.0,66048446464.0,0.0,0.0,0.0,0.0
0.0,0.042,99.958,0.0,0.0,0.0,0.0,0.0,931872768.0,195395584.0,478781440.0,66048184320.0,0.0,0.0,704.0,682.0
0.021,0.042,99.937,0.0,0.0,0.0,0.0,0.0,931745792.0,195395584.0,478781440.0,66048311296.0,0.0,0.0,0.0,0.0
1.815,0.063,98.039,0.083,0.0,0.0,0.0,0.0,933572608.0,195395584.0,480018432.0,66045247488.0,0.0,0.0,1284190.0,12218.0
2.106,0.042,97.852,0.0,0.0,0.0,0.0,0.0,933572608.0,195395584.0,480018432.0,66045247488.0,0.0,0.0,0.0,0.0
2.086,0.021,97.893,0.0,0.0,0.0,0.0,0.0,933437440.0,195395584.0,480026624.0,66045374464.0,0.0,0.0,310.0,658.0
2.087,0.042,97.871,0.0,0.0,0.0,0.0,0.0,933433344.0,195395584.0,480026624.0,66045378560.0,0.0,0.0,0.0,0.0
2.109,0.042,97.850,0.0,0.0,0.0,0.0,0.0,933158912.0,195395584.0,480034816.0,66045644800.0,0.0,0.0,0.0,0.0
2.066,0.063,97.871,0.0,0.0,0.0,0.0,0.0,933031936.0,195395584.0,480034816.0,66045771776.0,0.0,0.0,0.0,0.0
2.107,0.042,97.851,0.0,0.0,0.0,0.0,0.0,933859328.0,195395584.0,480043008.0,66044936192.0,0.0,0.0,60.0,0.0
0.417,0.042,99.541,0.0,0.0,0.0,0.0,0.0,933343232.0,195395584.0,480043008.0,66045452288.0,0.0,0.0,0.0,0.0
0.0,0.042,99.958,0.0,0.0,0.0,0.0,0.0,933216256.0,195395584.0,480051200.0,66045571072.0,0.0,0.0,1250.0,3208.0
0.021,0.042,99.937,0.0,0.0,0.0,0.0,0.0,933089280.0,195395584.0,480051200.0,66045698048.0,0.0,0.0,0.0,0.0
1.314,0.230,98.289,0.167,0.0,0.0,0.0,0.0,1270980608.0,195395584.0,480776192.0,65707081728.0,0.0,0.0,745710.0,6050.0
2.085,0.042,97.873,0.0,0.0,0.0,0.0,0.0,1271107584.0,195395584.0,480776192.0,65706954752.0,0.0,0.0,0.0,0.0
2.086,0.042,97.872,0.0,0.0,0.0,0.0,0.0,1270837248.0,195395584.0,480784384.0,65707216896.0,0.0,0.0,318.0,534.0
2.086,0.042,97.873,0.0,0.0,0.0,0.0,0.0,1270837248.0,195395584.0,480784384.0,65707216896.0,0.0,0.0,0.0,0.0
0.500,0.063,99.416,0.0,0.0,0.021,0.0,0.0,933634048.0,195395584.0,480792576.0,66044411904.0,0.0,0.0,400.0,1610.0
0.021,0.063,99.917,0.0,0.0,0.0,0.0,0.0,933494784.0,195395584.0,480792576.0,66044551168.0,0.0,0.0,0.0,0.0
0.021,0.063,99.917,0.0,0.0,0.0,0.0,0.0,933486592.0,195395584.0,480800768.0,66044551168.0,0.0,0.0,60.0,0.0
1.522,0.042,98.394,0.042,0.0,0.0,0.0,0.0,956899328.0,195395584.0,480837632.0,66021101568.0,0.0,0.0,0.0,0.0
2.065,0.063,97.872,0.0,0.0,0.0,0.0,0.0,1002967040.0,195395584.0,480841728.0,65975029760.0,0.0,0.0,33696.0,3634.0
1.106,0.021,98.873,0.0,0.0,0.0,0.0,0.0,934203392.0,195395584.0,480845824.0,66043789312.0,0.0,0.0,0.0,0.0
0.021,0.063,99.917,0.0,0.0,0.0,0.0,0.0,933822464.0,195395584.0,480849920.0,66044166144.0,0.0,0.0,1052.0,6240.0
0.0,0.042,99.896,0.063,0.0,0.0,0.0,0.0,933810176.0,195395584.0,480862208.0,66044166144.0,0.0,0.0,0.0,0.0
0.835,0.063,98.644,0.459,0.0,0.0,0.0,12288.0,981307392.0,195395584.0,481533952.0,65995997184.0,0.0,3.0,859440.0,7024.0
2.107,0.063,97.830,0.0,0.0,0.0,0.0,0.0,981307392.0,195395584.0,481533952.0,65995997184.0,0.0,0.0,0.0,0.0
2.088,0.042,97.870,0.0,0.0,0.0,0.0,0.0,981139456.0,195395584.0,481693696.0,65996005376.0,0.0,0.0,126.0,130.0
2.088,0.021,97.891,0.0,0.0,0.0,0.0,0.0,981012480.0,195395584.0,481693696.0,65996132352.0,0.0,0.0,0.0,0.0
2.108,0.042,97.850,0.0,0.0,0.0,0.0,0.0,980885504.0,195395584.0,481701888.0,65996251136.0,0.0,0.0,132.0,260.0
2.087,0.042,97.871,0.0,0.0,0.0,0.0,0.0,980885504.0,195395584.0,481701888.0,65996251136.0,0.0,0.0,0.0,0.0
2.109,0.021,97.871,0.0,0.0,0.0,0.0,0.0,980873216.0,195395584.0,481710080.0,65996255232.0,0.0,0.0,66.0,130.0
2.086,0.042,97.873,0.0,0.0,0.0,0.0,0.0,980873216.0,195395584.0,481710080.0,65996255232.0,0.0,0.0,0.0,0.0
2.106,0.063,97.831,0.0,0.0,0.0,0.0,0.0,980733952.0,195395584.0,481718272.0,65996386304.0,0.0,0.0,932.0,144870.0
2.086,0.042,97.872,0.0,0.0,0.0,0.0,0.0,980729856.0,195395584.0,481722368.0,65996386304.0,0.0,0.0,0.0,0.0
2.087,0.042,97.871,0.0,0.0,0.0,0.0,0.0,980455424.0,195395584.0,481726464.0,65996656640.0,0.0,0.0,66.0,130.0
2.108,0.042,97.850,0.0,0.0,0.0,0.0,0.0,980455424.0,195395584.0,481726464.0,65996656640.0,0.0,0.0,0.0,0.0
2.088,0.042,97.870,0.0,0.0,0.0,0.0,0.0,980443136.0,195395584.0,481738752.0,65996656640.0,0.0,0.0,314.0,512.0
2.088,0.042,97.871,0.0,0.0,0.0,0.0,0.0,980443136.0,195395584.0,481738752.0,65996656640.0,0.0,0.0,0.0,0.0
2.108,0.042,97.850,0.0,0.0,0.0,0.0,0.0,980209664.0,195395584.0,481746944.0,65996881920.0,0.0,0.0,66.0,130.0
2.086,0.063,97.851,0.0,0.0,0.0,0.0,0.0,980209664.0,195395584.0,481746944.0,65996881920.0,0.0,0.0,0.0,0.0
2.086,0.042,97.872,0.0,0.0,0.0,0.0,0.0,980074496.0,195395584.0,481755136.0,65997008896.0,0.0,0.0,192.0,260.0
2.108,0.042,97.851,0.0,0.0,0.0,0.0,0.0,980074496.0,195395584.0,481755136.0,65997008896.0,0.0,0.0,0.0,0.0
2.108,0.083,97.809,0.0,0.0,0.0,0.0,0.0,980185088.0,195395584.0,481763328.0,65996890112.0,0.0,0.0,308.0,382.0
2.087,0.042,97.871,0.0,0.0,0.0,0.0,0.0,980185088.0,195395584.0,481763328.0,65996890112.0,0.0,0.0,0.0,0.0
2.088,0.042,97.871,0.0,0.0,0.0,0.0,0.0,980176896.0,195395584.0,481771520.0,65996890112.0,0.0,0.0,192.0,260.0
2.107,0.042,97.851,0.0,0.0,0.0,0.0,0.0,980176896.0,195395584.0,481771520.0,65996890112.0,0.0,0.0,0.0,0.0
2.088,0.042,97.871,0.0,0.0,0.0,0.0,0.0,980029440.0,195395584.0,481783808.0,65997025280.0,0.0,0.0,126.0,130.0
2.108,0.042,97.851,0.0,0.0,0.0,0.0,0.0,980029440.0,195395584.0,481783808.0,65997025280.0,0.0,0.0,0.0,0.0
2.089,0.042,97.870,0.0,0.0,0.0,0.0,0.0,980029440.0,195395584.0,481792000.0,65997017088.0,0.0,0.0,320.0,666.0
2.087,0.042,97.871,0.0,0.0,0.0,0.0,0.0,980037632.0,195395584.0,481792000.0,65997008896.0,0.0,0.0,0.0,0.0
2.108,0.021,97.871,0.0,0.0,0.0,0.0,0.0,980029440.0,195395584.0,481800192.0,65997008896.0,0.0,0.0,66.0,3900.0
0.855,0.063,99.082,0.0,0.0,0.0,0.0,0.0,932487168.0,195395584.0,481800192.0,66044551168.0,0.0,0.0,0.0,0.0
0.0,0.063,99.937,0.0,0.0,0.0,0.0,0.0,932495360.0,195395584.0,481808384.0,66044534784.0,0.0,0.0,5974.0,14152.0
0.021,0.063,99.917,0.0,0.0,0.0,0.0,0.0,932495360.0,195395584.0,481808384.0,66044534784.0,0.0,0.0,0.0,0.0
1.064,0.042,98.790,0.104,0.0,0.0,0.0,0.0,933548032.0,195395584.0,482144256.0,66043146240.0,0.0,0.0,724806.0,7426.0
2.086,0.063,97.851,0.0,0.0,0.0,0.0,0.0,933543936.0,195395584.0,482148352.0,66043146240.0,0.0,0.0,0.0,0.0
2.087,0.042,97.871,0.0,0.0,0.0,0.0,4096.0,933556224.0,195395584.0,482516992.0,66042765312.0,0.0,1.0,60.0,0.0
2.086,0.042,97.872,0.0,0.0,0.0,0.0,0.0,933556224.0,195395584.0,482516992.0,66042765312.0,0.0,0.0,0.0,0.0
2.086,0.042,97.872,0.0,0.0,0.0,0.0,0.0,933384192.0,195395584.0,482529280.0,66042925056.0,0.0,0.0,90.0,0.0
2.106,0.042,97.852,0.0,0.0,0.0,0.0,0.0,933257216.0,195395584.0,482529280.0,66043052032.0,0.0,0.0,0.0,0.0
2.086,0.042,97.872,0.0,0.0,0.0,0.0,0.0,933122048.0,195395584.0,482537472.0,66043179008.0,0.0,0.0,60.0,0.0
2.086,0.042,97.872,0.0,0.0,0.0,0.0,0.0,932990976.0,195395584.0,482541568.0,66043305984.0,0.0,0.0,0.0,0.0
2.107,0.042,97.851,0.0,0.0,0.0,0.0,0.0,932974592.0,195395584.0,482549760.0,66043314176.0,0.0,0.0,0.0,0.0
2.086,0.042,97.872,0.0,0.0,0.0,0.0,0.0,932974592.0,195395584.0,482549760.0,66043314176.0,0.0,0.0,0.0,0.0
2.086,0.042,97.851,0.0,0.0,0.021,0.0,0.0,932962304.0,195395584.0,482557952.0,66043318272.0,0.0,0.0,0.0,0.0
2.085,0.042,97.873,0.0,0.0,0.0,0.0,0.0,932962304.0,195395584.0,482557952.0,66043318272.0,0.0,0.0,0.0,0.0
2.106,0.063,97.832,0.0,0.0,0.0,0.0,0.0,933081088.0,195395584.0,482566144.0,66043191296.0,0.0,0.0,1462.0,166356.0
2.086,0.042,97.873,0.0,0.0,0.0,0.0,0.0,933081088.0,195395584.0,482566144.0,66043191296.0,0.0,0.0,0.0,0.0
2.106,0.063,97.832,0.0,0.0,0.0,0.0,0.0,933081088.0,195395584.0,482574336.0,66043183104.0,0.0,0.0,182.0,252.0
2.086,0.042,97.873,0.0,0.0,0.0,0.0,0.0,933081088.0,195395584.0,482574336.0,66043183104.0,0.0,0.0,0.0,0.0
2.086,0.042,97.872,0.0,0.0,0.0,0.0,0.0,933068800.0,195395584.0,482586624.0,66043183104.0,0.0,0.0,182.0,252.0
2.087,0.021,97.892,0.0,0.0,0.0,0.0,0.0,933076992.0,195395584.0,482586624.0,66043174912.0,0.0,0.0,0.0,0.0
2.087,0.063,97.850,0.0,0.0,0.0,0.0,0.0,933187584.0,195395584.0,482594816.0,66043056128.0,0.0,0.0,0.0,0.0
2.107,0.021,97.872,0.0,0.0,0.0,0.0,0.0,933187584.0,195395584.0,482594816.0,66043056128.0,0.0,0.0,0.0,0.0
2.087,0.063,97.851,0.0,0.0,0.0,0.0,0.0,933163008.0,195395584.0,482603008.0,66043072512.0,0.0,0.0,60.0,0.0
2.086,0.021,97.893,0.0,0.0,0.0,0.0,0.0,933163008.0,195395584.0,482603008.0,66043072512.0,0.0,0.0,0.0,0.0
2.088,0.042,97.871,0.0,0.0,0.0,0.0,0.0,933154816.0,195395584.0,482611200.0,66043072512.0,0.0,0.0,182.0,252.0
2.106,0.063,97.832,0.0,0.0,0.0,0.0,0.0,933154816.0,195395584.0,482611200.0,66043072512.0,0.0,0.0,0.0,0.0
2.106,0.063,97.832,0.0,0.0,0.0,0.0,0.0,933146624.0,195395584.0,482619392.0,66043072512.0,0.0,0.0,90.0,0.0
2.086,0.042,97.872,0.0,0.0,0.0,0.0,0.0,933146624.0,195395584.0,482619392.0,66043072512.0,0.0,0.0,0.0,0.0
2.086,0.063,97.851,0.0,0.0,0.0,0.0,0.0,933138432.0,195395584.0,482627584.0,66043072512.0,0.0,0.0,0.0,0.0
2.085,0.063,97.852,0.0,0.0,0.0,0.0,0.0,933138432.0,195395584.0,482627584.0,66043072512.0,0.0,0.0,0.0,0.0
2.106,0.063,97.832,0.0,0.0,0.0,0.0,0.0,933134336.0,195395584.0,482639872.0,66043064320.0,0.0,0.0,272.0,6764.0
2.086,0.063,97.769,0.083,0.0,0.0,0.0,0.0,933130240.0,195395584.0,482643968.0,66043064320.0,0.0,0.0,0.0,0.0
2.086,0.042,97.538,0.334,0.0,0.0,0.0,12288.0,933126144.0,195395584.0,482648064.0,66043064320.0,0.0,3.0,243.0,0.0
2.086,0.063,97.852,0.0,0.0,0.0,0.0,0.0,933122048.0,195395584.0,482652160.0,66043064320.0,0.0,0.0,0.0,0.0
2.086,0.063,97.851,0.0,0.0,0.0,0.0,0.0,932982784.0,195395584.0,482656256.0,66043199488.0,0.0,0.0,60.0,0.0
1.606,0.063,98.331,0.0,0.0,0.0,0.0,0.0,932728832.0,195395584.0,482656256.0,66043453440.0,0.0,0.0,0.0,0.0
0.021,0.042,99.937,0.0,0.0,0.0,0.0,0.0,932728832.0,195395584.0,482664448.0,66043445248.0,0.0,0.0,510.0,1762.0
0.0,0.042,99.958,0.0,0.0,0.0,0.0,0.0,932728832.0,195395584.0,482664448.0,66043445248.0,0.0,0.0,0.0,0.0
0.229,0.250,99.458,0.063,0.0,0.0,0.0,0.0,1308012544.0,195395584.0,483340288.0,65667485696.0,0.0,0.0,745650.0,6248.0
2.001,0.125,97.874,0.0,0.0,0.0,0.0,0.0,1474531328.0,195395584.0,483385344.0,65500921856.0,0.0,0.0,0.0,0.0
2.105,0.042,97.853,0.0,0.0,0.0,0.0,0.0,1474396160.0,195395584.0,483393536.0,65501048832.0,0.0,0.0,60.0,0.0
1.793,0.334,97.874,0.0,0.0,0.0,0.0,0.0,2012282880.0,195395584.0,483393536.0,64963162112.0,0.0,0.0,0.0,0.0
1.938,0.208,97.832,0.0,0.0,0.021,0.0,0.0,2280742912.0,195395584.0,483405824.0,64694689792.0,0.0,0.0,128.0,406.0
2.085,0.021,97.895,0.0,0.0,0.0,0.0,0.0,2280742912.0,195395584.0,483405824.0,64694689792.0,0.0,0.0,0.0,0.0
2.105,0.042,97.853,0.0,0.0,0.0,0.0,0.0,2280742912.0,195395584.0,483414016.0,64694681600.0,0.0,0.0,1124.0,143242.0
2.085,0.042,97.874,0.0,0.0,0.0,0.0,0.0,2280726528.0,195395584.0,483414016.0,64694697984.0,0.0,0.0,0.0,0.0
2.105,0.042,97.832,0.0,0.0,0.021,0.0,0.0,2280599552.0,195395584.0,483422208.0,64694816768.0,0.0,0.0,242.0,252.0
2.085,0.042,97.873,0.0,0.0,0.0,0.0,0.0,2280599552.0,195395584.0,483422208.0,64694816768.0,0.0,0.0,0.0,0.0
2.105,0.021,97.874,0.0,0.0,0.0,0.0,0.0,2280587264.0,195395584.0,483434496.0,64694816768.0,0.0,0.0,248.0,430.0
2.085,0.042,97.874,0.0,0.0,0.0,0.0,0.0,2280587264.0,195395584.0,483434496.0,64694816768.0,0.0,0.0,0.0,0.0
2.086,0.042,97.872,0.0,0.0,0.0,0.0,0.0,2280579072.0,195395584.0,483442688.0,64694816768.0,0.0,0.0,120.0,0.0
2.105,0.063,97.832,0.0,0.0,0.0,0.0,0.0,2280579072.0,195395584.0,483442688.0,64694816768.0,0.0,0.0,0.0,0.0
2.086,0.063,97.852,0.0,0.0,0.0,0.0,0.0,2280439808.0,195395584.0,483454976.0,64694943744.0,0.0,0.0,66.0,178.0
2.106,0.042,97.852,0.0,0.0,0.0,0.0,0.0,2280439808.0,195395584.0,483454976.0,64694943744.0,0.0,0.0,0.0,0.0
2.086,0.042,97.852,0.0,0.0,0.021,0.0,0.0,2280423424.0,195395584.0,483463168.0,64694951936.0,0.0,0.0,248.0,430.0
2.105,0.083,97.811,0.0,0.0,0.0,0.0,0.0,2280423424.0,195395584.0,483463168.0,64694951936.0,0.0,0.0,0.0,0.0
2.086,0.042,97.872,0.0,0.0,0.0,0.0,0.0,2280542208.0,195395584.0,483471360.0,64694824960.0,0.0,0.0,126.0,178.0
2.086,0.063,97.852,0.0,0.0,0.0,0.0,0.0,2280529920.0,195395584.0,483471360.0,64694837248.0,0.0,0.0,0.0,0.0
2.086,0.042,97.872,0.0,0.0,0.0,0.0,0.0,2280521728.0,195395584.0,483479552.0,64694837248.0,0.0,0.0,186.0,3948.0
2.086,0.042,97.872,0.0,0.0,0.0,0.0,0.0,2280521728.0,195395584.0,483479552.0,64694837248.0,0.0,0.0,0.0,0.0
2.086,0.042,97.852,0.0,0.0,0.021,0.0,0.0,2280521728.0,195395584.0,483487744.0,64694829056.0,0.0,0.0,458.0,6024.0
2.086,0.042,97.872,0.0,0.0,0.0,0.0,0.0,2280521728.0,195395584.0,483487744.0,64694829056.0,0.0,0.0,0.0,0.0
2.086,0.063,97.769,0.083,0.0,0.0,0.0,0.0,2280505344.0,195395584.0,483495936.0,64694837248.0,0.0,0.0,180.0,0.0
2.086,0.042,97.539,0.334,0.0,0.0,0.0,12288.0,2280505344.0,195395584.0,483495936.0,64694837248.0,0.0,3.0,0.0,0.0
2.106,0.042,97.831,0.0,0.0,0.021,0.0,4096.0,2280366080.0,195395584.0,483508224.0,64694964224.0,0.0,1.0,66.0,178.0
2.086,0.063,97.852,0.0,0.0,0.0,0.0,0.0,2280366080.0,195395584.0,483508224.0,64694964224.0,0.0,0.0,0.0,0.0
2.086,0.042,97.872,0.0,0.0,0.0,0.0,0.0,2280366080.0,195395584.0,483516416.0,64694956032.0,0.0,0.0,248.0,430.0
2.086,0.042,97.873,0.0,0.0,0.0,0.0,0.0,2280366080.0,195395584.0,483516416.0,64694956032.0,0.0,0.0,0.0,0.0
2.086,0.042,97.872,0.0,0.0,0.0,0.0,0.0,2280357888.0,195395584.0,483524608.0,64694956032.0,0.0,0.0,126.0,178.0
2.085,0.063,97.852,0.0,0.0,0.0,0.0,0.0,2280357888.0,195395584.0,483524608.0,64694956032.0,0.0,0.0,0.0,0.0
2.107,0.063,97.831,0.0,0.0,0.0,0.0,0.0,2280345600.0,195395584.0,483532800.0,64694960128.0,0.0,0.0,66.0,178.0
2.085,0.042,97.873,0.0,0.0,0.0,0.0,0.0,2280345600.0,195395584.0,483532800.0,64694960128.0,0.0,0.0,0.0,0.0
2.086,0.042,97.872,0.0,0.0,0.0,0.0,0.0,2280456192.0,195395584.0,483540992.0,64694841344.0,0.0,0.0,186.0,178.0
2.085,0.063,97.832,0.0,0.0,0.021,0.0,0.0,2280456192.0,195395584.0,483540992.0,64694841344.0,0.0,0.0,0.0,0.0
2.086,0.063,97.851,0.0,0.0,0.0,0.0,0.0,2280448000.0,195395584.0,483549184.0,64694841344.0,0.0,0.0,980.0,141338.0
2.106,0.042,97.852,0.0,0.0,0.0,0.0,0.0,2280448000.0,195395584.0,483549184.0,64694841344.0,0.0,0.0,0.0,0.0
2.086,0.042,97.872,0.0,0.0,0.0,0.0,0.0,2280570880.0,195395584.0,483561472.0,64694706176.0,0.0,0.0,246.0,178.0
2.086,0.042,97.873,0.0,0.0,0.0,0.0,0.0,2280570880.0,195395584.0,483561472.0,64694706176.0,0.0,0.0,0.0,0.0
2.086,0.042,97.872,0.0,0.0,0.0,0.0,0.0,2280435712.0,195395584.0,483569664.0,64694833152.0,0.0,0.0,368.0,430.0
2.105,0.063,97.832,0.0,0.0,0.0,0.0,0.0,2280435712.0,195395584.0,483569664.0,64694833152.0,0.0,0.0,0.0,0.0
2.086,0.063,97.852,0.0,0.0,0.0,0.0,0.0,2280427520.0,195395584.0,483577856.0,64694833152.0,0.0,0.0,66.0,178.0
2.086,0.042,97.873,0.0,0.0,0.0,0.0,0.0,2280427520.0,195395584.0,483577856.0,64694833152.0,0.0,0.0,0.0,0.0
2.106,0.042,97.852,0.0,0.0,0.0,0.0,0.0,2280402944.0,195395584.0,483586048.0,64694849536.0,0.0,0.0,126.0,178.0
2.084,0.063,97.499,0.313,0.0,0.042,0.0,0.0,2280402944.0,195395584.0,483586048.0,64694849536.0,0.0,0.0,0.0,0.0
2.086,0.063,97.727,0.104,0.0,0.021,0.0,16384.0,2280394752.0,195395584.0,483594240.0,64694849536.0,0.0,4.0,248.0,430.0
2.105,0.083,97.811,0.0,0.0,0.0,0.0,0.0,2280390656.0,195395584.0,483598336.0,64694849536.0,0.0,0.0,0.0,0.0
2.086,0.063,97.852,0.0,0.0,0.0,0.0,0.0,2280390656.0,195395584.0,483606528.0,64694841344.0,0.0,0.0,188.0,448.0
2.106,0.042,97.852,0.0,0.0,0.0,0.0,0.0,2280390656.0,195395584.0,483606528.0,64694841344.0,0.0,0.0,0.0,0.0
2.086,0.042,97.872,0.0,0.0,0.0,0.0,0.0,2280370176.0,195395584.0,483618816.0,64694849536.0,0.0,0.0,216.0,178.0
2.085,0.042,97.832,0.0,0.0,0.042,0.0,0.0,2280370176.0,195395584.0,483618816.0,64694849536.0,0.0,0.0,0.0,0.0
2.106,0.042,97.811,0.0,0.0,0.042,0.0,0.0,2280370176.0,195395584.0,483627008.0,64694841344.0,0.0,0.0,874.0,5732.0
2.086,0.042,97.769,0.083,0.0,0.021,0.0,0.0,2280366080.0,195395584.0,483631104.0,64694841344.0,0.0,0.0,0.0,0.0
2.106,0.042,97.477,0.334,0.0,0.042,0.0,12288.0,2280361984.0,195395584.0,483635200.0,64694841344.0,0.0,3.0,66.0,178.0
2.086,0.063,97.852,0.0,0.0,0.0,0.0,0.0,2280361984.0,195395584.0,483635200.0,64694841344.0,0.0,0.0,0.0,0.0
0.626,0.063,99.291,0.0,0.0,0.021,0.0,0.0,932843520.0,195395584.0,483643392.0,66042351616.0,0.0,0.0,5358.0,5188.0
0.021,0.063,99.917,0.0,0.0,0.0,0.0,0.0,932843520.0,195395584.0,483643392.0,66042351616.0,0.0,0.0,0.0,0.0
0.0,0.021,99.979,0.0,0.0,0.0,0.0,0.0,932835328.0,195395584.0,483651584.0,66042351616.0,0.0,0.0,182.0,252.0
1.376,0.063,98.540,0.021,0.0,0.0,0.0,0.0,954281984.0,195395584.0,483684352.0,66020872192.0,0.0,0.0,0.0,0.0
2.084,0.042,97.853,0.0,0.0,0.021,0.0,0.0,983629824.0,195395584.0,483696640.0,65991512064.0,0.0,0.0,33598.0,3428.0
2.064,0.063,97.874,0.0,0.0,0.0,0.0,0.0,1013116928.0,195395584.0,483696640.0,65962024960.0,0.0,0.0,0.0,0.0
2.085,0.042,97.874,0.0,0.0,0.0,0.0,0.0,1044312064.0,195395584.0,483704832.0,65930821632.0,0.0,0.0,0.0,0.0
2.000,0.146,97.854,0.0,0.0,0.0,0.0,0.0,1201979392.0,195395584.0,483704832.0,65773154304.0,0.0,0.0,0.0,0.0
2.085,0.042,97.873,0.0,0.0,0.0,0.0,0.0,1210159104.0,195395584.0,483713024.0,65764966400.0,0.0,0.0,132.0,244.0
2.085,0.021,97.894,0.0,0.0,0.0,0.0,0.0,1210159104.0,195395584.0,483713024.0,65764966400.0,0.0,0.0,0.0,0.0
2.105,0.042,97.832,0.0,0.0,0.021,0.0,0.0,1210085376.0,195395584.0,483721216.0,65765031936.0,0.0,0.0,1534.0,144838.0
2.085,0.042,97.874,0.0,0.0,0.0,0.0,0.0,1210081280.0,195395584.0,483725312.0,65765031936.0,0.0,0.0,0.0,0.0
1.835,0.042,98.123,0.0,0.0,0.0,0.0,0.0,932438016.0,195395584.0,483729408.0,66042671104.0,0.0,0.0,648.0,1704.0
0.0,0.063,99.937,0.0,0.0,0.0,0.0,0.0,932438016.0,195395584.0,483729408.0,66042671104.0,0.0,0.0,0.0,0.0
0.021,0.063,99.917,0.0,0.0,0.0,0.0,0.0,932544512.0,195395584.0,483737600.0,66042556416.0,0.0,0.0,182.0,252.0
0.146,0.063,99.708,0.083,0.0,0.0,0.0,0.0,975568896.0,195395584.0,484560896.0,65998708736.0,0.0,0.0,0.0,0.0
2.023,0.125,97.852,0.0,0.0,0.0,0.0,0.0,1124388864.0,195395584.0,484573184.0,65849876480.0,0.0,0.0,860721.0,7582.0
2.086,0.042,97.872,0.0,0.0,0.0,0.0,0.0,1124388864.0,195395584.0,484573184.0,65849876480.0,0.0,0.0,0.0,0.0
2.106,0.063,97.831,0.0,0.0,0.0,0.0,0.0,1124253696.0,195395584.0,484581376.0,65850003456.0,0.0,0.0,0.0,0.0
2.086,0.063,97.852,0.0,0.0,0.0,0.0,0.0,1124253696.0,195395584.0,484581376.0,65850003456.0,0.0,0.0,0.0,0.0
2.106,0.063,97.831,0.0,0.0,0.0,0.0,8192.0,1124233216.0,195395584.0,484589568.0,65850015744.0,0.0,2.0,242.0,252.0
2.086,0.042,97.873,0.0,0.0,0.0,0.0,0.0,1124233216.0,195395584.0,484589568.0,65850015744.0,0.0,0.0,0.0,0.0
2.085,0.083,97.832,0.0,0.0,0.0,0.0,0.0,1124151296.0,195395584.0,484597760.0,65850089472.0,0.0,0.0,156.0,130.0
2.106,0.042,97.852,0.0,0.0,0.0,0.0,0.0,1124159488.0,195395584.0,484597760.0,65850081280.0,0.0,0.0,0.0,0.0
2.086,0.063,97.852,0.0,0.0,0.0,0.0,0.0,1124024320.0,195395584.0,484605952.0,65850208256.0,0.0,0.0,60.0,12524.0
2.085,0.063,97.853,0.0,0.0,0.0,0.0,0.0,1124024320.0,195395584.0,484605952.0,65850208256.0,0.0,0.0,0.0,0.0
2.106,0.042,97.852,0.0,0.0,0.0,0.0,0.0,1124024320.0,195395584.0,484614144.0,65850200064.0,0.0,0.0,272.0,4120.0
2.085,0.063,97.852,0.0,0.0,0.0,0.0,0.0,1124024320.0,195395584.0,484614144.0,65850200064.0,0.0,0.0,0.0,0.0
2.106,0.042,97.831,0.0,0.0,0.021,0.0,0.0,1124003840.0,195395584.0,484626432.0,65850208256.0,0.0,0.0,186.0,130.0
2.085,0.063,97.853,0.0,0.0,0.0,0.0,0.0,1123999744.0,195395584.0,484630528.0,65850208256.0,0.0,0.0,0.0,0.0
2.106,0.063,97.832,0.0,0.0,0.0,0.0,0.0,1123864576.0,195395584.0,484638720.0,65850335232.0,0.0,0.0,330.0,90.0
2.086,0.042,97.873,0.0,0.0,0.0,0.0,0.0,1123864576.0,195395584.0,484638720.0,65850335232.0,0.0,0.0,0.0,0.0
2.107,0.042,97.851,0.0,0.0,0.0,0.0,0.0,1123864576.0,195395584.0,484646912.0,65850327040.0,0.0,0.0,302.0,252.0
2.085,0.063,97.852,0.0,0.0,0.0,0.0,0.0,1123864576.0,195395584.0,484646912.0,65850327040.0,0.0,0.0,0.0,0.0
2.086,0.042,97.872,0.0,0.0,0.0,0.0,0.0,1123856384.0,195395584.0,484655104.0,65850327040.0,0.0,0.0,120.0,0.0
2.106,0.042,97.852,0.0,0.0,0.0,0.0,0.0,1123856384.0,195395584.0,484655104.0,65850327040.0,0.0,0.0,0.0,0.0
2.086,0.042,97.873,0.0,0.0,0.0,0.0,0.0,1123713024.0,195395584.0,484663296.0,65850462208.0,0.0,0.0,186.0,130.0
2.106,0.042,97.852,0.0,0.0,0.0,0.0,0.0,1123713024.0,195395584.0,484663296.0,65850462208.0,0.0,0.0,0.0,0.0
2.086,0.042,97.872,0.0,0.0,0.0,0.0,0.0,1123696640.0,195395584.0,484671488.0,65850470400.0,0.0,0.0,68.0,406.0
2.107,0.042,97.851,0.0,0.0,0.0,0.0,0.0,1123696640.0,195395584.0,484671488.0,65850470400.0,0.0,0.0,0.0,0.0
2.088,0.042,97.870,0.0,0.0,0.0,0.0,0.0,1123684352.0,195395584.0,484683776.0,65850470400.0,0.0,0.0,926.0,142158.0
2.087,0.042,97.871,0.0,0.0,0.0,0.0,0.0,1123684352.0,195395584.0,484683776.0,65850470400.0,0.0,0.0,0.0,0.0
2.088,0.042,97.871,0.0,0.0,0.0,0.0,0.0,1123938304.0,195395584.0,484691968.0,65850208256.0,0.0,0.0,246.0,130.0
2.107,0.042,97.851,0.0,0.0,0.0,0.0,0.0,1123938304.0,195395584.0,484691968.0,65850208256.0,0.0,0.0,0.0,0.0
2.088,0.042,97.871,0.0,0.0,0.0,0.0,0.0,1123930112.0,195395584.0,484700160.0,65850208256.0,0.0,0.0,302.0,252.0
2.086,0.042,97.872,0.0,0.0,0.0,0.0,0.0,1123930112.0,195395584.0,484700160.0,65850208256.0,0.0,0.0,0.0,0.0
2.088,0.042,97.871,0.0,0.0,0.0,0.0,0.0,1123921920.0,195395584.0,484708352.0,65850208256.0,0.0,0.0,60.0,0.0
2.106,0.042,97.852,0.0,0.0,0.0,0.0,0.0,1123917824.0,195395584.0,484712448.0,65850208256.0,0.0,0.0,0.0,0.0
2.088,0.042,97.871,0.0,0.0,0.0,0.0,0.0,1123897344.0,195395584.0,484716544.0,65850224640.0,0.0,0.0,66.0,130.0
2.086,0.042,97.873,0.0,0.0,0.0,0.0,0.0,1123893248.0,195395584.0,484720640.0,65850224640.0,0.0,0.0,0.0,0.0
2.086,0.063,97.851,0.0,0.0,0.0,0.0,0.0,1123758080.0,195395584.0,484728832.0,65850351616.0,0.0,0.0,182.0,252.0
2.107,0.042,97.851,0.0,0.0,0.0,0.0,0.0,1123758080.0,195395584.0,484728832.0,65850351616.0,0.0,0.0,0.0,0.0
2.088,0.063,97.850,0.0,0.0,0.0,0.0,0.0,1123758080.0,195395584.0,484737024.0,65850343424.0,0.0,0.0,0.0,0.0
2.087,0.021,97.892,0.0,0.0,0.0,0.0,0.0,1123758080.0,195395584.0,484737024.0,65850343424.0,0.0,0.0,0.0,0.0
2.086,0.063,97.851,0.0,0.0,0.0,0.0,0.0,1123741696.0,195395584.0,484745216.0,65850351616.0,0.0,0.0,66.0,130.0
2.087,0.021,97.892,0.0,0.0,0.0,0.0,0.0,1123741696.0,195395584.0,484745216.0,65850351616.0,0.0,0.0,0.0,0.0
2.107,0.042,97.851,0.0,0.0,0.0,0.0,0.0,1123741696.0,195395584.0,484753408.0,65850343424.0,0.0,0.0,332.0,7484.0
2.086,0.042,97.873,0.0,0.0,0.0,0.0,0.0,1123741696.0,195395584.0,484753408.0,65850343424.0,0.0,0.0,0.0,0.0
2.086,0.021,97.809,0.083,0.0,0.0,0.0,0.0,1123733504.0,195395584.0,484761600.0,65850343424.0,0.0,0.0,150.0,0.0
2.086,0.042,97.538,0.334,0.0,0.0,0.0,12288.0,1123733504.0,195395584.0,484761600.0,65850343424.0,0.0,3.0,0.0,0.0
2.106,0.063,97.831,0.0,0.0,0.0,0.0,0.0,1123717120.0,195395584.0,484769792.0,65850351616.0,0.0,0.0,126.0,130.0
2.086,0.042,97.872,0.0,0.0,0.0,0.0,0.0,1123717120.0,195395584.0,484769792.0,65850351616.0,0.0,0.0,0.0,0.0
2.107,0.042,97.851,0.0,0.0,0.0,0.0,0.0,1123713024.0,195395584.0,484782080.0,65850343424.0,0.0,0.0,182.0,252.0
2.086,0.042,97.872,0.0,0.0,0.0,0.0,0.0,1123713024.0,195395584.0,484782080.0,65850343424.0,0.0,0.0,0.0,0.0
2.086,0.042,97.872,0.0,0.0,0.0,0.0,0.0,1123704832.0,195395584.0,484790272.0,65850343424.0,0.0,0.0,234.0,240.0
2.086,0.042,97.872,0.0,0.0,0.0,0.0,0.0,1123704832.0,195395584.0,484790272.0,65850343424.0,0.0,0.0,0.0,0.0
2.107,0.021,97.851,0.0,0.0,0.021,0.0,0.0,1123696640.0,195395584.0,484798464.0,65850343424.0,0.0,0.0,66.0,130.0
2.086,0.042,97.873,0.0,0.0,0.0,0.0,0.0,1123692544.0,195395584.0,484802560.0,65850343424.0,0.0,0.0,0.0,0.0
2.086,0.042,97.872,0.0,0.0,0.0,0.0,0.0,1123676160.0,195395584.0,484810752.0,65850351616.0,0.0,0.0,60.0,0.0
2.086,0.042,97.873,0.0,0.0,0.0,0.0,0.0,1123676160.0,195395584.0,484810752.0,65850351616.0,0.0,0.0,0.0,0.0
2.106,0.042,97.852,0.0,0.0,0.0,0.0,0.0,1123667968.0,195395584.0,484818944.0,65850351616.0,0.0,0.0,1124.0,140654.0
2.085,0.063,97.852,0.0,0.0,0.0,0.0,0.0,1123667968.0,195395584.0,484818944.0,65850351616.0,0.0,0.0,0.0,0.0
2.107,0.042,97.851,0.0,0.0,0.0,0.0,0.0,1123794944.0,195395584.0,484827136.0,65850216448.0,0.0,0.0,308.0,382.0
2.086,0.063,97.852,0.0,0.0,0.0,0.0,0.0,1123794944.0,195395584.0,484827136.0,65850216448.0,0.0,0.0,0.0,0.0
2.086,0.021,97.893,0.0,0.0,0.0,0.0,0.0,1123782656.0,195395584.0,484839424.0,65850216448.0,0.0,0.0,182.0,252.0
2.106,0.042,97.852,0.0,0.0,0.0,0.0,0.0,1123782656.0,195395584.0,484839424.0,65850216448.0,0.0,0.0,0.0,0.0
2.086,0.042,97.872,0.0,0.0,0.0,0.0,0.0,1123774464.0,195395584.0,484847616.0,65850216448.0,0.0,0.0,60.0,0.0
2.086,0.042,97.873,0.0,0.0,0.0,0.0,0.0,1123774464.0,195395584.0,484847616.0,65850216448.0,0.0,0.0,0.0,0.0
2.106,0.042,97.852,0.0,0.0,0.0,0.0,0.0,1123766272.0,195395584.0,484855808.0,65850216448.0,0.0,0.0,66.0,130.0
2.086,0.042,97.872,0.0,0.0,0.0,0.0,0.0,1123766272.0,195395584.0,484855808.0,65850216448.0,0.0,0.0,0.0,0.0
2.087,0.042,97.871,0.0,0.0,0.0,0.0,0.0,1123749888.0,195395584.0,484864000.0,65850224640.0,0.0,0.0,182.0,252.0
2.086,0.042,97.872,0.0,0.0,0.0,0.0,0.0,1123749888.0,195395584.0,484864000.0,65850224640.0,0.0,0.0,0.0,0.0
2.107,0.063,97.831,0.0,0.0,0.0,0.0,0.0,1123741696.0,195395584.0,484872192.0,65850224640.0,0.0,0.0,128.0,406.0
2.086,0.042,97.872,0.0,0.0,0.0,0.0,0.0,1123749888.0,195395584.0,484872192.0,65850216448.0,0.0,0.0,0.0,0.0
2.108,0.021,97.871,0.0,0.0,0.0,0.0,0.0,1123741696.0,195395584.0,484880384.0,65850216448.0,0.0,0.0,0.0,3770.0
2.086,0.042,97.873,0.0,0.0,0.0,0.0,0.0,1123749888.0,195395584.0,484880384.0,65850208256.0,0.0,0.0,0.0,0.0
2.086,0.042,97.872,0.0,0.0,0.0,0.0,0.0,1123737600.0,195395584.0,484892672.0,65850208256.0,0.0,0.0,610.0,6968.0
2.086,0.021,97.893,0.0,0.0,0.0,0.0,0.0,1123737600.0,195395584.0,484892672.0,65850208256.0,0.0,0.0,0.0,0.0
2.106,0.042,97.852,0.0,0.0,0.0,0.0,0.0,1123721216.0,195395584.0,484900864.0,65850216448.0,0.0,0.0,0.0,0.0
2.086,0.021,97.894,0.0,0.0,0.0,0.0,0.0,1123721216.0,195395584.0,484900864.0,65850216448.0,0.0,0.0,0.0,0.0
2.106,0.042,97.832,0.0,0.0,0.021,0.0,4096.0,1123713024.0,195395584.0,484909056.0,65850216448.0,0.0,1.0,0.0,0.0
2.086,0.021,97.893,0.0,0.0,0.0,0.0,0.0,1123713024.0,195395584.0,484909056.0,65850216448.0,0.0,0.0,0.0,0.0
2.086,0.042,97.872,0.0,0.0,0.0,0.0,0.0,1123713024.0,195395584.0,484917248.0,65850208256.0,0.0,0.0,248.0,382.0
2.086,0.021,97.893,0.0,0.0,0.0,0.0,0.0,1123713024.0,195395584.0,484917248.0,65850208256.0,0.0,0.0,0.0,0.0
2.086,0.042,97.873,0.0,0.0,0.0,0.0,0.0,1123704832.0,195395584.0,484925440.0,65850208256.0,0.0,0.0,0.0,0.0
2.106,0.042,97.852,0.0,0.0,0.0,0.0,0.0,1123704832.0,195395584.0,484925440.0,65850208256.0,0.0,0.0,0.0,0.0
2.086,0.042,97.872,0.0,0.0,0.0,0.0,0.0,1123696640.0,195395584.0,484933632.0,65850208256.0,0.0,0.0,0.0,0.0
2.086,0.042,97.873,0.0,0.0,0.0,0.0,0.0,1123696640.0,195395584.0,484933632.0,65850208256.0,0.0,0.0,0.0,0.0
2.106,0.042,97.852,0.0,0.0,0.0,0.0,0.0,1123676160.0,195395584.0,484945920.0,65850216448.0,0.0,0.0,66.0,130.0
2.086,0.021,97.893,0.0,0.0,0.0,0.0,0.0,1123676160.0,195395584.0,484945920.0,65850216448.0,0.0,0.0,0.0,0.0
2.086,0.021,97.893,0.0,0.0,0.0,0.0,0.0,1123794944.0,195395584.0,484954112.0,65850089472.0,0.0,0.0,1006.0,143250.0
2.086,0.042,97.873,0.0,0.0,0.0,0.0,0.0,1123794944.0,195395584.0,484954112.0,65850089472.0,0.0,0.0,0.0,0.0
2.107,0.042,97.851,0.0,0.0,0.0,0.0,0.0,1123794944.0,195395584.0,484962304.0,65850081280.0,0.0,0.0,242.0,252.0
2.086,0.042,97.873,0.0,0.0,0.0,0.0,0.0,1123794944.0,195395584.0,484962304.0,65850081280.0,0.0,0.0,0.0,0.0
2.086,0.021,97.893,0.0,0.0,0.0,0.0,0.0,1123786752.0,195395584.0,484970496.0,65850081280.0,0.0,0.0,308.0,382.0
2.106,0.042,97.852,0.0,0.0,0.0,0.0,0.0,1123782656.0,195395584.0,484974592.0,65850081280.0,0.0,0.0,0.0,0.0
2.086,0.021,97.893,0.0,0.0,0.0,0.0,0.0,1123774464.0,195395584.0,484982784.0,65850081280.0,0.0,0.0,0.0,0.0
2.085,0.063,97.852,0.0,0.0,0.0,0.0,0.0,1123774464.0,195395584.0,484982784.0,65850081280.0,0.0,0.0,0.0,0.0
2.086,0.021,97.893,0.0,0.0,0.0,0.0,0.0,1123745792.0,195395584.0,484995072.0,65850097664.0,0.0,0.0,120.0,42.0
2.106,0.042,97.852,0.0,0.0,0.0,0.0,0.0,1123745792.0,195395584.0,484995072.0,65850097664.0,0.0,0.0,0.0,0.0
2.086,0.042,97.852,0.0,0.0,0.021,0.0,0.0,1123729408.0,195395584.0,485003264.0,65850105856.0,0.0,0.0,308.0,382.0
2.106,0.042,97.852,0.0,0.0,0.0,0.0,0.0,1123729408.0,195395584.0,485003264.0,65850105856.0,0.0,0.0,0.0,0.0
2.086,0.042,97.872,0.0,0.0,0.0,0.0,0.0,1123729408.0,195395584.0,485011456.0,65850097664.0,0.0,0.0,150.0,0.0
2.086,0.042,97.873,0.0,0.0,0.0,0.0,0.0,1123729408.0,195395584.0,485011456.0,65850097664.0,0.0,0.0,0.0,0.0
2.106,0.021,97.873,0.0,0.0,0.0,0.0,0.0,1123721216.0,195395584.0,485019648.0,65850097664.0,0.0,0.0,60.0,0.0
2.086,0.042,97.873,0.0,0.0,0.0,0.0,0.0,1123729408.0,195395584.0,485019648.0,65850089472.0,0.0,0.0,0.0,0.0
2.086,0.042,97.872,0.0,0.0,0.0,0.0,0.0,1123721216.0,195395584.0,485027840.0,65850089472.0,0.0,0.0,536.0,6088.0
2.106,0.042,97.852,0.0,0.0,0.0,0.0,0.0,1123721216.0,195395584.0,485027840.0,65850089472.0,0.0,0.0,0.0,0.0
2.086,0.042,97.789,0.083,0.0,0.0,0.0,0.0,1123713024.0,195395584.0,485036032.0,65850089472.0,0.0,0.0,120.0,0.0
2.086,0.042,97.539,0.334,0.0,0.0,0.0,12288.0,1123713024.0,195395584.0,485036032.0,65850089472.0,0.0,3.0,0.0,0.0
2.086,0.042,97.872,0.0,0.0,0.0,0.0,0.0,1123692544.0,195395584.0,485048320.0,65850097664.0,0.0,0.0,0.0,0.0
2.106,0.021,97.873,0.0,0.0,0.0,0.0,0.0,1123692544.0,195395584.0,485048320.0,65850097664.0,0.0,0.0,0.0,0.0
2.086,0.042,97.872,0.0,0.0,0.0,0.0,0.0,1123692544.0,195395584.0,485056512.0,65850089472.0,0.0,0.0,248.0,382.0
2.107,0.042,97.851,0.0,0.0,0.0,0.0,0.0,1123688448.0,195395584.0,485060608.0,65850089472.0,0.0,0.0,0.0,0.0
2.087,0.021,97.892,0.0,0.0,0.0,0.0,0.0,1123684352.0,195395584.0,485064704.0,65850089472.0,0.0,0.0,174.0,240.0
2.086,0.042,97.872,0.0,0.0,0.0,0.0,0.0,1123684352.0,195395584.0,485064704.0,65850089472.0,0.0,0.0,0.0,0.0
2.107,0.021,97.872,0.0,0.0,0.0,0.0,0.0,1123667968.0,195395584.0,485072896.0,65850097664.0,0.0,0.0,0.0,0.0
2.086,0.042,97.872,0.0,0.0,0.0,0.0,0.0,1123663872.0,195395584.0,485076992.0,65850097664.0,0.0,0.0,0.0,0.0
2.107,0.042,97.851,0.0,0.0,0.0,0.0,0.0,1123651584.0,195395584.0,485081088.0,65850105856.0,0.0,0.0,134.0,536.0
2.085,0.042,97.853,0.0,0.0,0.021,0.0,0.0,1123651584.0,195395584.0,485081088.0,65850105856.0,0.0,0.0,0.0,0.0
2.087,0.021,97.892,0.0,0.0,0.0,0.0,0.0,1123651584.0,195395584.0,485089280.0,65850097664.0,0.0,0.0,932.0,141540.0
2.086,0.042,97.873,0.0,0.0,0.0,0.0,0.0,1123651584.0,195395584.0,485089280.0,65850097664.0,0.0,0.0,0.0,0.0
2.106,0.042,97.852,0.0,0.0,0.0,0.0,0.0,1123647488.0,195395584.0,485101568.0,65850089472.0,0.0,0.0,182.0,252.0
2.086,0.042,97.872,0.0,0.0,0.0,0.0,0.0,1123647488.0,195395584.0,485101568.0,65850089472.0,0.0,0.0,0.0,0.0
2.086,0.021,97.893,0.0,0.0,0.0,0.0,0.0,1123766272.0,195395584.0,485109760.0,65849962496.0,0.0,0.0,248.0,382.0
2.106,0.042,97.852,0.0,0.0,0.0,0.0,0.0,1123766272.0,195395584.0,485109760.0,65849962496.0,0.0,0.0,0.0,0.0
2.086,0.042,97.872,0.0,0.0,0.0,0.0,0.0,1123758080.0,195395584.0,485117952.0,65849962496.0,0.0,0.0,150.0,0.0
2.106,0.021,97.873,0.0,0.0,0.0,0.0,0.0,1123758080.0,195395584.0,485117952.0,65849962496.0,0.0,0.0,0.0,0.0
2.086,0.042,97.872,0.0,0.0,0.0,0.0,0.0,1123749888.0,195395584.0,485126144.0,65849962496.0,0.0,0.0,0.0,0.0
2.085,0.042,97.873,0.0,0.0,0.0,0.0,0.0,1123749888.0,195395584.0,485126144.0,65849962496.0,0.0,0.0,0.0,0.0
2.086,0.042,97.872,0.0,0.0,0.0,0.0,0.0,1123606528.0,195395584.0,485134336.0,65850097664.0,0.0,0.0,242.0,252.0
0.980,0.042,98.978,0.0,0.0,0.0,0.0,0.0,932306944.0,195395584.0,485134336.0,66041397248.0,0.0,0.0,0.0,0.0
0.021,0.042,99.937,0.0,0.0,0.0,0.0,0.0,932171776.0,195395584.0,485142528.0,66041524224.0,0.0,0.0,708.0,2696.0
0.0,0.063,99.937,0.0,0.0,0.0,0.0,0.0,932167680.0,195395584.0,485146624.0,66041524224.0,0.0,0.0,0.0,0.0
0.021,0.063,99.917,0.0,0.0,0.0,0.0,0.0,932184064.0,195395584.0,485146624.0,66041507840.0,0.0,0.0,2054.0,65064.0
0.0,0.042,99.958,0.0,0.0,0.0,0.0,0.0,932192256.0,195395584.0,485146624.0,66041499648.0,0.0,0.0,0.0,0.0
