"Dstat 0.7.2 CSV output"
"Author:","Dag Wieers <dag@wieers.com>",,,,"URL:","http://dag.wieers.com/home-made/dstat/"
"Host:","compute-662-1.local",,,,"User:","pg27752"
"Cmdline:","dstat -tcdmrsn --integer --output MPI_io5.txt",,,,"Date:","20 Mar 2015 01:37:08 WET"

"system","total cpu usage",,,,,,"dsk/total",,"memory usage",,,,"io/total",,"swap",,"net/total",
"time","usr","sys","idl","wai","hiq","siq","read","writ","used","buff","cach","free","read","writ","used","free","recv","send"
20-03 01:37:08,0.913,0.077,98.996,0.013,0.000,0.001,206.828,1083.440,933593088.0,195194880.0,507301888.0,66018144256.0,0.013,0.201,0.0,1048567808.0,0.0,0.0
20-03 01:37:09,0.0,0.062,99.938,0.0,0.0,0.0,0.0,0.0,933720064.0,195194880.0,507301888.0,66018017280.0,0.0,0.0,0.0,1048567808.0,6364.0,5232.0
20-03 01:37:10,0.021,0.042,99.937,0.0,0.0,0.0,0.0,0.0,933724160.0,195194880.0,507305984.0,66018009088.0,0.0,0.0,0.0,1048567808.0,0.0,0.0
20-03 01:37:11,0.0,0.042,99.958,0.0,0.0,0.0,0.0,0.0,933851136.0,195194880.0,507305984.0,66017882112.0,0.0,0.0,0.0,1048567808.0,900.0,666.0
20-03 01:37:12,0.021,0.042,99.937,0.0,0.0,0.0,0.0,0.0,933851136.0,195194880.0,507305984.0,66017882112.0,0.0,0.0,0.0,1048567808.0,0.0,0.0
20-03 01:37:13,0.0,0.042,99.937,0.0,0.0,0.021,0.0,4096.0,934113280.0,195194880.0,507305984.0,66017619968.0,0.0,1.0,0.0,1048567808.0,1424.0,1138.0
20-03 01:37:14,0.021,0.063,99.917,0.0,0.0,0.0,0.0,0.0,934105088.0,195194880.0,507314176.0,66017619968.0,0.0,0.0,0.0,1048567808.0,0.0,0.0
20-03 01:37:15,14.766,2.632,82.268,0.313,0.0,0.021,0.0,0.0,1003544576.0,195194880.0,519630848.0,65935863808.0,0.0,0.0,0.0,1048567808.0,911620.0,145590.0
20-03 01:37:16,11.978,0.167,87.855,0.0,0.0,0.0,0.0,0.0,949612544.0,195194880.0,505020416.0,66004406272.0,0.0,0.0,0.0,1048567808.0,0.0,0.0
20-03 01:37:17,0.021,0.042,99.937,0.0,0.0,0.0,0.0,0.0,945041408.0,195194880.0,508026880.0,66005970944.0,0.0,0.0,0.0,1048567808.0,17722.0,21226.0
20-03 01:37:18,0.0,0.042,99.958,0.0,0.0,0.0,0.0,0.0,945033216.0,195194880.0,508035072.0,66005970944.0,0.0,0.0,0.0,1048567808.0,0.0,0.0
20-03 01:37:19,7.801,2.753,89.111,0.292,0.0,0.042,0.0,0.0,1362079744.0,195194880.0,526061568.0,65570897920.0,0.0,0.0,0.0,1048567808.0,22874.0,16996.0
20-03 01:37:20,14.632,0.230,84.721,0.417,0.0,0.0,0.0,135168.0,950505472.0,195203072.0,508768256.0,65999757312.0,0.0,33.0,0.0,1048567808.0,0.0,0.0
20-03 01:37:21,0.0,0.042,99.958,0.0,0.0,0.0,0.0,0.0,948985856.0,195203072.0,508882944.0,66001162240.0,0.0,0.0,0.0,1048567808.0,895038.0,23646.0
20-03 01:37:22,0.0,0.042,99.958,0.0,0.0,0.0,0.0,0.0,948977664.0,195203072.0,508891136.0,66001162240.0,0.0,0.0,0.0,1048567808.0,0.0,0.0
20-03 01:37:23,3.214,2.337,94.282,0.146,0.0,0.021,0.0,0.0,993742848.0,195203072.0,520241152.0,65945047040.0,0.0,0.0,0.0,1048567808.0,182.0,252.0
20-03 01:37:24,7.219,0.835,91.926,0.0,0.0,0.021,0.0,0.0,953126912.0,195203072.0,509333504.0,65996570624.0,0.0,0.0,0.0,1048567808.0,0.0,0.0
20-03 01:37:25,0.0,0.063,99.520,0.417,0.0,0.0,0.0,53248.0,953622528.0,195207168.0,508981248.0,65996423168.0,0.0,13.0,0.0,1048567808.0,89332.0,12864.0
20-03 01:37:26,0.0,0.042,99.958,0.0,0.0,0.0,0.0,0.0,953614336.0,195207168.0,508989440.0,65996423168.0,0.0,0.0,0.0,1048567808.0,0.0,0.0
20-03 01:37:27,0.021,0.063,99.917,0.0,0.0,0.0,0.0,0.0,953487360.0,195207168.0,508989440.0,65996550144.0,0.0,0.0,0.0,1048567808.0,0.0,0.0
20-03 01:37:28,0.0,0.063,99.937,0.0,0.0,0.0,0.0,0.0,953483264.0,195207168.0,508993536.0,65996550144.0,0.0,0.0,0.0,1048567808.0,0.0,0.0
20-03 01:37:29,0.021,0.063,99.917,0.0,0.0,0.0,0.0,0.0,952340480.0,195207168.0,508993536.0,65997692928.0,0.0,0.0,0.0,1048567808.0,0.0,0.0
20-03 01:37:30,0.0,0.042,99.958,0.0,0.0,0.0,0.0,0.0,951943168.0,195207168.0,509001728.0,65998082048.0,0.0,0.0,0.0,1048567808.0,0.0,0.0
20-03 01:37:31,0.0,0.042,99.958,0.0,0.0,0.0,0.0,0.0,947593216.0,195207168.0,509001728.0,66002432000.0,0.0,0.0,0.0,1048567808.0,308.0,366.0
20-03 01:37:32,0.021,0.063,99.917,0.0,0.0,0.0,0.0,0.0,947286016.0,195207168.0,509009920.0,66002731008.0,0.0,0.0,0.0,1048567808.0,0.0,0.0
20-03 01:37:33,0.021,0.083,99.896,0.0,0.0,0.0,0.0,0.0,946573312.0,195207168.0,509009920.0,66003443712.0,0.0,0.0,0.0,1048567808.0,60.0,0.0
20-03 01:37:34,0.0,0.042,99.958,0.0,0.0,0.0,0.0,0.0,946438144.0,195207168.0,509018112.0,66003570688.0,0.0,0.0,0.0,1048567808.0,0.0,0.0
20-03 01:37:35,0.021,0.042,99.937,0.0,0.0,0.0,0.0,0.0,944795648.0,195207168.0,509022208.0,66005209088.0,0.0,0.0,0.0,1048567808.0,182.0,252.0
20-03 01:37:36,0.0,0.042,99.958,0.0,0.0,0.0,0.0,0.0,944275456.0,195207168.0,509034496.0,66005716992.0,0.0,0.0,0.0,1048567808.0,0.0,0.0
20-03 01:37:37,0.0,0.063,99.937,0.0,0.0,0.0,0.0,0.0,941772800.0,195207168.0,509034496.0,66008219648.0,0.0,0.0,0.0,1048567808.0,0.0,0.0
20-03 01:37:38,0.021,0.042,99.520,0.417,0.0,0.0,0.0,12288.0,941510656.0,195207168.0,509042688.0,66008473600.0,0.0,3.0,0.0,1048567808.0,0.0,0.0
20-03 01:37:39,0.0,0.042,99.958,0.0,0.0,0.0,0.0,0.0,940908544.0,195207168.0,509042688.0,66009075712.0,0.0,0.0,0.0,1048567808.0,60.0,0.0
20-03 01:37:40,0.0,0.063,99.937,0.0,0.0,0.0,0.0,0.0,940908544.0,195207168.0,509050880.0,66009067520.0,0.0,0.0,0.0,1048567808.0,0.0,0.0
20-03 01:37:41,0.0,0.063,99.937,0.0,0.0,0.0,0.0,0.0,940040192.0,195207168.0,509050880.0,66009935872.0,0.0,0.0,0.0,1048567808.0,272.0,5450.0
20-03 01:37:42,0.021,0.042,99.937,0.0,0.0,0.0,0.0,0.0,939913216.0,195207168.0,509059072.0,66010054656.0,0.0,0.0,0.0,1048567808.0,0.0,0.0
20-03 01:37:43,0.0,0.063,99.937,0.0,0.0,0.0,0.0,0.0,938016768.0,195207168.0,509059072.0,66011951104.0,0.0,0.0,0.0,1048567808.0,90.0,0.0
20-03 01:37:44,0.0,0.042,99.958,0.0,0.0,0.0,0.0,0.0,938004480.0,195207168.0,509071360.0,66011951104.0,0.0,0.0,0.0,1048567808.0,0.0,0.0
20-03 01:37:45,0.021,0.042,99.937,0.0,0.0,0.0,0.0,0.0,937750528.0,195207168.0,509071360.0,66012205056.0,0.0,0.0,0.0,1048567808.0,1178.0,149752.0
20-03 01:37:46,0.0,0.042,99.958,0.0,0.0,0.0,0.0,0.0,937750528.0,195207168.0,509071360.0,66012205056.0,0.0,0.0,0.0,1048567808.0,0.0,0.0
20-03 01:37:47,0.021,0.063,99.917,0.0,0.0,0.0,0.0,0.0,937140224.0,195207168.0,509071360.0,66012815360.0,0.0,0.0,0.0,1048567808.0,990.0,13094.0
20-03 01:37:48,0.0,0.042,99.958,0.0,0.0,0.0,0.0,0.0,936882176.0,195207168.0,509071360.0,66013073408.0,0.0,0.0,0.0,1048567808.0,0.0,0.0
20-03 01:37:49,0.0,0.042,99.958,0.0,0.0,0.0,0.0,0.0,935677952.0,195207168.0,509071360.0,66014277632.0,0.0,0.0,0.0,1048567808.0,900.0,618.0
20-03 01:37:50,0.021,0.042,99.937,0.0,0.0,0.0,0.0,0.0,935677952.0,195207168.0,509071360.0,66014277632.0,0.0,0.0,0.0,1048567808.0,0.0,0.0
20-03 01:37:51,0.0,0.063,99.937,0.0,0.0,0.0,0.0,0.0,935550976.0,195207168.0,509071360.0,66014404608.0,0.0,0.0,0.0,1048567808.0,60.0,0.0
20-03 01:37:52,0.0,0.042,99.958,0.0,0.0,0.0,0.0,0.0,935550976.0,195207168.0,509071360.0,66014404608.0,0.0,0.0,0.0,1048567808.0,0.0,0.0
20-03 01:37:53,0.021,0.063,99.917,0.0,0.0,0.0,0.0,45056.0,935161856.0,195207168.0,509071360.0,66014793728.0,0.0,11.0,0.0,1048567808.0,900.0,570.0
20-03 01:37:54,0.0,0.042,99.958,0.0,0.0,0.0,0.0,0.0,935034880.0,195207168.0,509071360.0,66014920704.0,0.0,0.0,0.0,1048567808.0,0.0,0.0
