	Iozone: Performance Test of File I/O
	        Version $Revision: 3.397 $
		Compiled for 64 bit mode.
		Build: linux-AMD64 

	Contributors:William Norcott, Don Capps, Isom Crawford, Kirby Collins
	             Al Slater, Scott Rhine, Mike Wisner, Ken Goss
	             Steve Landherr, Brad Smith, Mark Kelly, Dr. Alain CYR,
	             Randy Dunlap, Mark Montague, Dan Million, Gavin Brebner,
	             Jean-Marc Zucconi, Jeff Blomberg, Benny Halevy, Dave Boone,
	             Erik Habbinga, Kris Strecker, Walter Wong, Joshua Root,
	             Fabrice Bacchella, Zhenghua Xue, Qin Li, Darren Sawyer.
	             Ben England.

	Run began: Thu Apr 30 22:49:14 2015

	Excel chart generation enabled
	Auto Mode
	Command line used: /opt/iozone/bin/iozone -Ra -b 431_6.xls -f 431_6.tmp
	Output is in Kbytes/sec
	Time Resolution = 0.000001 seconds.
	Processor cache size set to 1024 Kbytes.
	Processor cache line size set to 32 bytes.
	File stride size set to 17 * record size.
                                                            random  random    bkwd   record   stride                                   
              KB  reclen   write rewrite    read    reread    read   write    read  rewrite     read   fwrite frewrite   fread  freread
              64       4  587635 1304314  3057153  4018152 3057153 1452528 2203800  1933893  3791156  1526887  1392258 2923952  4018152
              64       8 1066042 1143223  4564786  4897948 3541098 1690338 2444640  2358717  4274062  1780008  1722886 3588436  4274062
              64      16 1124074 1599680  4274062  4564786 3541098 1879725 2006158  2133730  3958892  1780008  1933893 3791156  4274062
              64      32 1124074 1599680  4564786  5283570 4018152 1879725 2923952  2067979  3738358  1780008  2561267 3791156  4564786
              64      64 1163036 1638743  5283570  5389653 4564786 1991276 2892445  2067979  4018152  2133730  1892980 4018152  4564786
             128       4 1032829 1291158  3759450  3785961 3053774 1487977 2464907  2066432  2969325  1710838  1543594 3468030  3759450
             128       8 1057236 1598754  4759253  5325799 4267461 2035099 3036502  2673584  4934216  1967960  1778862 3895854  4557257
             128      16 1206978 1778862  4407601  4596273 4012317 2035099 3036502  2843510  4267461  1802755  1967960 2660335  4934216
             128      32 1206978 1684006  4596273  4889281 4407601 1997245 3277486  2499332  4407601  2286447  2027414 3982553  4759253
             128      64 1175271 1755594  4889281  5545860 4759253 2132084 3560017  2409592  4596273  2248149  2453642 4104338  4889281
             128     128 1254941 1939522  5325799  5784891 5325799 2326073 3982553  2326073  4596273  2377579  2132084 4717434  5325799
             256       4 1148625 1325925  3823789  4132864 3087188 1514860 2692393  2533571  3159869  1967260  1445521 3935921  4350555
             256       8 1219045 1855098  5022044  5022044 3994490 2045979 3810220  3123106  3950402  2049885  1884399 3454704  4755158
             256      16 1280084 1729594  4755158  5455847 4132864 2097948 3810220  2699161  4755158  2223962  1802167 3935921  4572895
             256      32 1339154 1826695  4819184  6249745 5569035 2480886 3557725  3159869  4652146  2563818  2266207 4054829  4840911
             256      64 1340826 2049885  4929815  5810112 4929815 2509882 4132864  3285566  5810112  2692393  2170027 4332998  5117791
             256     128 1339154 1924938  5217259  5810112 5428265 2458168 4197489  2849590  5455847  2205688  2692393 4840911  5687020
             256     256 1376935 1881098  5810112  5938650 5455847 2350543 4132864  2413957  4755158  2419396  2135500 4840911  5687020
             512       4 1137555 1492545  4163357  4030519 3140488 1695195 3081897  2327124  3122224  1778004  2065273 3934520  3849877
             512       8 1248678 1718254  4973263  4827914 4030519 2081286 4099771  2991733  4262523  2114069  2317080 4701087  5164632
             512      16 1230786 1778004  4038098  4571003 4091959 2235086 3822466  3104171  4271001  2180616  2357784 4701087  5227492
             512      32 1333173 1815584  5164632  5624545 4742616 2391924 4457157  2860238  6086873  2237414  1947291 4163357  4784885
             512      64 1334001 2474613  5624545  5886650 5566231 2413429 4660280  3504346  5951911  2452009  2265742 4571003  5278892
             512     128 1394645 1797349  5684095  5886650 5624545 2509312 4571003  3905895  5019764  3366987  2782414 4871723  5684095
             512     256 1369738 2535981  5624545  5886650 5624545 2427068 4237291  2891043  5509113  3849877  3822466 5019764  6156675
             512     512 1417662 1970519  5744919  5886650 5822804 2413429 5019764  2509312  4660280  2535981  2438090 4871723  6319739
            1024       4 1164956 2276316  4265934  4995276 3877004 2052253 3335105  2640123  3556008  1882266  1765437 3923040  4589593
            1024       8 1321200 1924436  4493556  4654248 4029784 2146618 4392454  3170172  4079544  2133821  1818510 5682634  5564829
            1024      16 1316341 1822368  4654248  5623115 5065980 2625597 4488860  3631168  5200941  2398343  1996910 4488860  5226256
            1024      32 1351126 2150918  4433259  5564829 5144870 2421329 4629166  3239514  4741598  2240689  2753527 5169641  5885083
            1024      64 1393200 2165014  5071963  7356843 6025439 2960401 4805258  3655895  6441107  2316837  2900425 4810640  6650556
            1024     128 1436056 2024203  5507740  6244448 6059442 2760606 4282950  3301774  6208343  2381058  2942149 5630486  6830356
            1024     256 1387350 2737730  6974549  9240349 6874084 3101494 5048117  3151562  5917516  2681328  2723840 4989473  6364746
            1024     512 1416169 2052253  5089995  5917516 5782087 2510493 5720477  4339202  6874084  3083680  3923040 5310258  6609617
            1024    1024 1450607 2030903  6874084  5958564 5885083 2565989 5065980  2467229  5925680  2958362  2485792 5451810  5885083
            2048       4 1190763 1646273  4451191  5264067 4031308 2054612 3465352  2367804  3160613  1785550  1726687 4310472  4842658
            2048       8 1314489 1815744  5489457  5107566 4481379 2197023 4591569  3807923  4897882  2248199  1851755 5095447  6132138
            2048      16 1354493 1919192  5144271  5719737 5251194 2608697 4741090  3751381  5197183  2356760  1950570 5068389  5461535
            2048      32 1358993 1915768  4923146  5517666 5403134 2550602 5848244  4358590  6080053  2605532  2007554 4900677  6363830
            2048      64 1406616 2233004  6523312  7318020 6378005 3099039 4730646  3777778  5507054  2340705  2968386 5403134  6759439
            2048     128 1412398 1959916  5430461  6670210 6690992 3034448 4818211  5689430  8678404  3901313  2113246 4886737  6340344
            2048     256 1446164 2223755  4818211  5852228 5765808 2556676 4591569  3358321  8498106  3843705  2140097 5095447  5640860
            2048     512 1440344 2001939  7444871  5888333 5735012 2525110 5280246  3074635  5293261  2662880  2575842 5212953  6075753
            2048    1024 1447382 2045804  5754221  5659442 5769681 2497215 5406535  2941954  7013303  2202092  3199462 5238385  6378005
            2048    2048 1470172 3108009  6378005  5953632 5904523 2608697 4810117  4653758  5489457  2589040  2282853 6041567  7213548
            4096       4 1229257 1673178  5986422  5869835 4297324 2265634 3509816  2693273  3382659  1830994  1588697 4334185  5026578
            4096       8 1335935 1804455  5527974  5603704 4644707 2223699 4756587  3945943  4746074  2138979  1892721 5306022  6198078
            4096      16 1379044 2073910  5225329  6198078 5657217 2724884 4887857  3775126  5587302  2317906  1856920 4904602  5828019
            4096      32 1417386 2055056  4864330  5744227 5411313 2528382 5159420  4128976  6120790  2605455  1905950 5353976  6401308
            4096      64 1439717 2128907  6112079  6883496 6503078 3024728 4808509  3565171  5761565  2308872  2027648 5119446  6625976
            4096     128 1457674 2137914  5238075  6389405 6263611 2856738 5081590  3706707  5625724  2245498  2074912 4952675  6261328
            4096     256 1464384 2359286  5431844  6714018 6724530 2940849 5137819  3879120  7185807  2574609  2132077 5063617  6216019
            4096     512 1472921 2274332  5504946  6758923 6724530 2981164 5198450  3727618  6575257  2732251  2426601 5025108  6272759
            4096    1024 1481942 2167313  5454263  6263611 6234064 2684016 4864330  3000952  9081201  2382847  2332698 4893426  5744227
            4096    2048 1478626 2025735  5681538  6401308 6379914 2740095 5093643  3036489  5527974  2155890  3056478 4807163  5885924
            4096    4096 1463386 1932970  7001316 1021513310018551 4329816 5265366  2767908  4824714  2514321  2211675 4988629  5649775
            8192       4 1235037 1570242  4339005  4464155 3535750 1734831 3487304  2527602  3417585  1747803  1958399 4158362  5016894
            8192       8 1348032 1913572  5211701  5765244 4995015 2227852 4347789  3238183  5188093  3585187  1928501 4778952  5194368
            8192      16 1401248 1863952  5247519  5177930 4890505 2306981 5010310  4091513  5736369  2426397  2090796 5347148  5966469
            8192      32 1462813 2004908  5034537  5432536 5351312 2438104 4926264  3799676  5708730  2252978  2014193 5075439  5970616
            8192      64 1454577 2173455  5191229  6263389 6042010 2658022 4899570  3580330  5534924  2154106  2146704 5336352  5479317
            8192     128 1491644 2029181  5333039  6379683 6415419 2937280 5184962  4404639  6395120  2300494  2177036 5091232  6253130
            8192     256 1485710 2254161  4882166  5396699 5560902 2462391 5149219  4029614  9227049  3568061  1950506 5257958  6077276
            8192     512 1494304 2438104  5004472  5410295 5603526 2455704 5110162  3540122  6370221  2480882  2411581 5309142  5859631
            8192    1024 1497625 2227852  5001558  5396699 5564505 2444696 4796296  3251975  6522590  2361525  1963996 4956108  5309142
            8192    2048 1498997 2708091  5041185  5435974 5447177 2349254 4815791  3101953  9286903  3379600  2102695 4870401  5194368
            8192    4096 1485967 2034709  5382328  5257958 5031588 2259200 4955393  2998544  5531360  2318188  2850293 4586921  4929091
            8192    8192 1413875 2015256  4155847  4302601 4244664 2089778 4576535  2961585  5050076  3091348  2343805 4273171  4251492
           16384       4 1380163 1526359  4000014  3682754 4671678 2503641 4024612  2605595  3145372  1584829  1803575 4552524  4257763
           16384       8 1353283 1807798  4615203  4571300 4848685 2814203 4319587  3446346  4081503  2631135  1995408 5202944  6736671
           16384      16 1501874 1820826  4685374  4563711 4471651 1972837 4542293  3588146  4343614  1882116  2575711 4658693  4533603
           16384      32 1467054 1868656  4900900  4741954 4768276 2061926 4658693  3680978  4725649  1933700  2247144 4787877  4720131
           16384      64 1580237 1990322  5302099  5173176 4792218 2281537 4757383  3819912  5281723  2778362  2156391 5045925  5257880
           16384     128 1503254 1950274  4741954  4617994 4741954 2998519 4810332  3880525  4804951  1959561  1920943 4753434  6590654
           16384     256 1496510 1916657  4742281  4562499 4925842 3425388 4657114  3505236  5266342  2597323  2270831 5538853  4624520
           16384     512 1708088 2009294  5386043  6598882 4783544 2175575 4732809  4510985  6965419  2858332  2162022 4052380  4142521
           16384    1024 1507276 1985205  4697224  4624520 4736724 2144213 4786543  4854508  9204562  2643483  2027972 4692092  4575257
           16384    2048 1502859 1873496  5014993  4919847 5730536 3356130 4717539  5870546  8586923  2746603  1881910 5055205  4976857
           16384    4096 1808797 2014536  4702688  4681225 4504775 2125576 5457909  3032391  8075328  2952019  2013533 4469325  5696807
           16384    8192 1427290 2183663  5276856  4883486 4670408 2066328 4038567  3054904  4255654  3107677  2711276 3810169  4490939
           16384   16384 1448225 1972837  4720131  4718834 4480106 2136679 3689278  2722554  3666054  1868402  1946793 3665467  3676842
           32768      64 1677397 2220488  4670377  5953396 6849411 3075948 4617809  7181541  6755149  2836553  2417197 4651252  5585177
           32768     128 1636181 2222140  4911901  5427906 4463201 2020869 4502385  3811099  4554305  2433202  2136673 4850192  4703301
           32768     256 1672865 2221134  4469151  4376645 4420423 2331575 5342039  6352971  6288441  2801171  2034029 4803910  4876176
           32768     512 1686123 2540940  4617809  4657241 6259514 3151343 5753760  6035752  6360321  2873079  2550843 4503566  5746543
           32768    1024 1651517 2673659  5689921  6306620 6320832 3099814 5479627  5934117  6446538  2449027  1957462 4982957  4621691
           32768    2048 1765891 2181923  6105465  6339199 6387516 3115978 4511697  5924397  7826014  2431953  1768390 4497376  4417866
           32768    4096 1902801 2516929  4607437  6428747 6201333 3170316 4420992  3125828  7878954  2021345  2376734 4418576  4412051
           32768    8192 1925486 1916465  4246293  5066163 4989831 2816844 4344136  2331220  4218402  2160181  2345262 4114469  4972320
           32768   16384 1626769 2001825  4631503  4250101 4500469 2109713 3754772  2942022  4062538  3040294  3398101 4401313  3936972
           65536      64 2163544 2702968  6044619  7027284 6825228 3125501 5166411  4296054  6019074  2545877  2604988 6731955  5916976
           65536     128 1976944 2715385  5830626  6599265 6521141 3257896 5285930  7253517  6541160  2884106  2507122 5198753  5390840
           65536     256 1892253 2502625  6000285  6300954 6255925 3219019 5526760  6466375  6283525  2839888  2473796 4982126  4947601
           65536     512 2021535 2600036  5116405  6344877 6323421 2827996 4657541  6139805  6258204  2860337  2753272 4982939  6305724
           65536    1024 2124334 2554893  5587084  6152448 6325313 3237788 5441423  6035196  5902492  2511727  2358519 4929324  6323421
           65536    2048 1953439 2821552  6009205  6445451 6424511 3286173 4889255  6093528  4873652  2358863  2331908 4754208  5305621
           65536    4096 2079119 2690534  6213080  5004713 5250891 2514415 5363910  5765443  7140649  2316325  2153661 5426492  4840609
           65536    8192 2027529 2230938  4752811  4513164 4383122 2249560 3844886  2928444  4527511  2346760  2102255 4304800  4458554
           65536   16384 1843904 2398568  4481670  4679505 4416432 2607459 3931612  2915307  4139178  2540865  2384523 4120934  4671155
          131072      64 2233673 2751808  6727491  6193747 5994580 2926633   12215  5562426  5899945  2660596  2780422   50536  5180520
          131072     128 2211515 2800564  5455019  6431411 6084478 3087391 6391260  5819997  6318247  2647437  2807457 5792524  6668248
          131072     256 2180136 2827572  6029623  5570655 5535375 3000591 5530419  6070705  6270754  2772318  2666558 5875543  6034057
          131072     512 2262753 2747902  5547776  6407200 6370154 3267167 4784362  5309762  5785331  2564305  2805652 5255700  6372295
          131072    1024 2157734 2791675  5325553  5579475 5616469 3144483 5660594  5462933  6058328  2432625  2329337 6175102  6407200
          131072    2048 2218700 2716402  5698261  6300001 6449746 3070252 6015504  6169212  5923084  2339607  2153348  113143  4670631
          131072    4096 2274643 2789239    58429  4693199 5696077 2861466 5637029  5716392  5725620  2259823  2131085 6131711  6300290
          131072    8192 2031206 2412693   105577  3989380 4919039 2839269 4624662  3445733  4889986  2218440  2175210 4484332  4947059
          131072   16384 2024690 2320968  4641020  4644353 4638553 2718322 4552850  3108479  4437852  2289830  2228015 4517421  4495369
          262144      64 2315001 2826313    54898  5317538 6550490 2992619 6151877  6721273  7042697  2805507  2834327  111106  5299469
          262144     128 2395190 2899916    43574  5103259 6199013 3160417   63689  7347476  6691616  2848986  2642448 6534179  6813909
          262144     256 2369107 2866844    68895  5031933 6124737 3161443 6057621  6031568  6406260  2774157  2742117  111743  4487842
          262144     512 2352269 2883459  5751040  6457391 6412686 3341576 5738704  6177385  6456405  2883021  2775599  105877  5264453
          262144    1024 2457290 2969327  5265839  6130610 6376834 3219372   27803  5679154  6324491  2412406  2395232   73266  5163994
          262144    2048 2392042 2971044   115943  4954812 6570022 3357289   30267  5736697  5891656  2274256  2282433 6358064  6525686
          262144    4096 2341325 2892623  5812760  6452616 6085886 3151638 5336818  5546987  5633153  2205353  2222161 6160978  6407977
          262144    8192 2118626 2551551  4856933  4950039 4937169 2887146 4420790  3370586  4700860  2165459  2168538  108441  4174734
          262144   16384 2135348 2460226    41153  3843535 4651009 2793163 2368311  3153121  4453919  2197042  2212916 4532390  4670885
          524288      64 2412959 2988929  7326248  7469462 7200662 3174138   27726  7081817  7238943  2916631  2937664   70890  5775947
          524288     128 2455360 2945833    31203  5813602 6917912 3318675    1476  7159868  6830838  2882192  2859053   53438  5472619
          524288     256 2450597 2997832    20280  5333217 6412683 3248798    1726  6236916  6479725  2859726  2890611   18910  5392250
          524288     512 2496870 3027715  6300857  6368833 6327545 3277824 6502796  6201719  6543372  2908780  2903806  112147  5442119
          524288    1024 2495549 3026823  6416294  6570096 6383327 3352865   33720  6262778  6516458  2525714  2490372 6406798  6566800
          524288    2048 2474221 2987735  6481005  6368815 6447069 3285528 6427941  6056717  6293356  2324949  2315873 6141497  6556208
          524288    4096 2449049 2940862    52212  5311344 6433150 3362113 6327472  5969623  6400923  2222237  2238622  112770  5345247
          524288    8192 2225162 2606191    94783  4237220 4920166 2916778 4814882  3444958  4707329  2151269  2112353   64665  4276235
          524288   16384 2156577 2608411    71554  4081556 4654255 2790161 4589235  3145740  4470542  2176697  2168593   41705  3990382

iozone test complete.
Excel output is below:

"Writer report"
        "4"  "8"  "16"  "32"  "64"  "128"  "256"  "512"  "1024"  "2048"  "4096"  "8192"  "16384"
"64"   587635  1066042  1124074  1124074  1163036 
"128"   1032829  1057236  1206978  1206978  1175271  1254941 
"256"   1148625  1219045  1280084  1339154  1340826  1339154  1376935 
"512"   1137555  1248678  1230786  1333173  1334001  1394645  1369738  1417662 
"1024"   1164956  1321200  1316341  1351126  1393200  1436056  1387350  1416169  1450607 
"2048"   1190763  1314489  1354493  1358993  1406616  1412398  1446164  1440344  1447382  1470172 
"4096"   1229257  1335935  1379044  1417386  1439717  1457674  1464384  1472921  1481942  1478626  1463386 
"8192"   1235037  1348032  1401248  1462813  1454577  1491644  1485710  1494304  1497625  1498997  1485967  1413875 
"16384"   1380163  1353283  1501874  1467054  1580237  1503254  1496510  1708088  1507276  1502859  1808797  1427290  1448225 
"32768"   0  0  0  0  1677397  1636181  1672865  1686123  1651517  1765891  1902801  1925486  1626769 
"65536"   0  0  0  0  2163544  1976944  1892253  2021535  2124334  1953439  2079119  2027529  1843904 
"131072"   0  0  0  0  2233673  2211515  2180136  2262753  2157734  2218700  2274643  2031206  2024690 
"262144"   0  0  0  0  2315001  2395190  2369107  2352269  2457290  2392042  2341325  2118626  2135348 
"524288"   0  0  0  0  2412959  2455360  2450597  2496870  2495549  2474221  2449049  2225162  2156577 

"Re-writer report"
        "4"  "8"  "16"  "32"  "64"  "128"  "256"  "512"  "1024"  "2048"  "4096"  "8192"  "16384"
"64"   1304314  1143223  1599680  1599680  1638743 
"128"   1291158  1598754  1778862  1684006  1755594  1939522 
"256"   1325925  1855098  1729594  1826695  2049885  1924938  1881098 
"512"   1492545  1718254  1778004  1815584  2474613  1797349  2535981  1970519 
"1024"   2276316  1924436  1822368  2150918  2165014  2024203  2737730  2052253  2030903 
"2048"   1646273  1815744  1919192  1915768  2233004  1959916  2223755  2001939  2045804  3108009 
"4096"   1673178  1804455  2073910  2055056  2128907  2137914  2359286  2274332  2167313  2025735  1932970 
"8192"   1570242  1913572  1863952  2004908  2173455  2029181  2254161  2438104  2227852  2708091  2034709  2015256 
"16384"   1526359  1807798  1820826  1868656  1990322  1950274  1916657  2009294  1985205  1873496  2014536  2183663  1972837 
"32768"   0  0  0  0  2220488  2222140  2221134  2540940  2673659  2181923  2516929  1916465  2001825 
"65536"   0  0  0  0  2702968  2715385  2502625  2600036  2554893  2821552  2690534  2230938  2398568 
"131072"   0  0  0  0  2751808  2800564  2827572  2747902  2791675  2716402  2789239  2412693  2320968 
"262144"   0  0  0  0  2826313  2899916  2866844  2883459  2969327  2971044  2892623  2551551  2460226 
"524288"   0  0  0  0  2988929  2945833  2997832  3027715  3026823  2987735  2940862  2606191  2608411 

"Reader report"
        "4"  "8"  "16"  "32"  "64"  "128"  "256"  "512"  "1024"  "2048"  "4096"  "8192"  "16384"
"64"   3057153  4564786  4274062  4564786  5283570 
"128"   3759450  4759253  4407601  4596273  4889281  5325799 
"256"   3823789  5022044  4755158  4819184  4929815  5217259  5810112 
"512"   4163357  4973263  4038098  5164632  5624545  5684095  5624545  5744919 
"1024"   4265934  4493556  4654248  4433259  5071963  5507740  6974549  5089995  6874084 
"2048"   4451191  5489457  5144271  4923146  6523312  5430461  4818211  7444871  5754221  6378005 
"4096"   5986422  5527974  5225329  4864330  6112079  5238075  5431844  5504946  5454263  5681538  7001316 
"8192"   4339005  5211701  5247519  5034537  5191229  5333039  4882166  5004472  5001558  5041185  5382328  4155847 
"16384"   4000014  4615203  4685374  4900900  5302099  4741954  4742281  5386043  4697224  5014993  4702688  5276856  4720131 
"32768"   0  0  0  0  4670377  4911901  4469151  4617809  5689921  6105465  4607437  4246293  4631503 
"65536"   0  0  0  0  6044619  5830626  6000285  5116405  5587084  6009205  6213080  4752811  4481670 
"131072"   0  0  0  0  6727491  5455019  6029623  5547776  5325553  5698261  58429  105577  4641020 
"262144"   0  0  0  0  54898  43574  68895  5751040  5265839  115943  5812760  4856933  41153 
"524288"   0  0  0  0  7326248  31203  20280  6300857  6416294  6481005  52212  94783  71554 

"Re-Reader report"
        "4"  "8"  "16"  "32"  "64"  "128"  "256"  "512"  "1024"  "2048"  "4096"  "8192"  "16384"
"64"   4018152  4897948  4564786  5283570  5389653 
"128"   3785961  5325799  4596273  4889281  5545860  5784891 
"256"   4132864  5022044  5455847  6249745  5810112  5810112  5938650 
"512"   4030519  4827914  4571003  5624545  5886650  5886650  5886650  5886650 
"1024"   4995276  4654248  5623115  5564829  7356843  6244448  9240349  5917516  5958564 
"2048"   5264067  5107566  5719737  5517666  7318020  6670210  5852228  5888333  5659442  5953632 
"4096"   5869835  5603704  6198078  5744227  6883496  6389405  6714018  6758923  6263611  6401308  10215133 
"8192"   4464155  5765244  5177930  5432536  6263389  6379683  5396699  5410295  5396699  5435974  5257958  4302601 
"16384"   3682754  4571300  4563711  4741954  5173176  4617994  4562499  6598882  4624520  4919847  4681225  4883486  4718834 
"32768"   0  0  0  0  5953396  5427906  4376645  4657241  6306620  6339199  6428747  5066163  4250101 
"65536"   0  0  0  0  7027284  6599265  6300954  6344877  6152448  6445451  5004713  4513164  4679505 
"131072"   0  0  0  0  6193747  6431411  5570655  6407200  5579475  6300001  4693199  3989380  4644353 
"262144"   0  0  0  0  5317538  5103259  5031933  6457391  6130610  4954812  6452616  4950039  3843535 
"524288"   0  0  0  0  7469462  5813602  5333217  6368833  6570096  6368815  5311344  4237220  4081556 

"Random read report"
        "4"  "8"  "16"  "32"  "64"  "128"  "256"  "512"  "1024"  "2048"  "4096"  "8192"  "16384"
"64"   3057153  3541098  3541098  4018152  4564786 
"128"   3053774  4267461  4012317  4407601  4759253  5325799 
"256"   3087188  3994490  4132864  5569035  4929815  5428265  5455847 
"512"   3140488  4030519  4091959  4742616  5566231  5624545  5624545  5822804 
"1024"   3877004  4029784  5065980  5144870  6025439  6059442  6874084  5782087  5885083 
"2048"   4031308  4481379  5251194  5403134  6378005  6690992  5765808  5735012  5769681  5904523 
"4096"   4297324  4644707  5657217  5411313  6503078  6263611  6724530  6724530  6234064  6379914  10018551 
"8192"   3535750  4995015  4890505  5351312  6042010  6415419  5560902  5603526  5564505  5447177  5031588  4244664 
"16384"   4671678  4848685  4471651  4768276  4792218  4741954  4925842  4783544  4736724  5730536  4504775  4670408  4480106 
"32768"   0  0  0  0  6849411  4463201  4420423  6259514  6320832  6387516  6201333  4989831  4500469 
"65536"   0  0  0  0  6825228  6521141  6255925  6323421  6325313  6424511  5250891  4383122  4416432 
"131072"   0  0  0  0  5994580  6084478  5535375  6370154  5616469  6449746  5696077  4919039  4638553 
"262144"   0  0  0  0  6550490  6199013  6124737  6412686  6376834  6570022  6085886  4937169  4651009 
"524288"   0  0  0  0  7200662  6917912  6412683  6327545  6383327  6447069  6433150  4920166  4654255 

"Random write report"
        "4"  "8"  "16"  "32"  "64"  "128"  "256"  "512"  "1024"  "2048"  "4096"  "8192"  "16384"
"64"   1452528  1690338  1879725  1879725  1991276 
"128"   1487977  2035099  2035099  1997245  2132084  2326073 
"256"   1514860  2045979  2097948  2480886  2509882  2458168  2350543 
"512"   1695195  2081286  2235086  2391924  2413429  2509312  2427068  2413429 
"1024"   2052253  2146618  2625597  2421329  2960401  2760606  3101494  2510493  2565989 
"2048"   2054612  2197023  2608697  2550602  3099039  3034448  2556676  2525110  2497215  2608697 
"4096"   2265634  2223699  2724884  2528382  3024728  2856738  2940849  2981164  2684016  2740095  4329816 
"8192"   1734831  2227852  2306981  2438104  2658022  2937280  2462391  2455704  2444696  2349254  2259200  2089778 
"16384"   2503641  2814203  1972837  2061926  2281537  2998519  3425388  2175575  2144213  3356130  2125576  2066328  2136679 
"32768"   0  0  0  0  3075948  2020869  2331575  3151343  3099814  3115978  3170316  2816844  2109713 
"65536"   0  0  0  0  3125501  3257896  3219019  2827996  3237788  3286173  2514415  2249560  2607459 
"131072"   0  0  0  0  2926633  3087391  3000591  3267167  3144483  3070252  2861466  2839269  2718322 
"262144"   0  0  0  0  2992619  3160417  3161443  3341576  3219372  3357289  3151638  2887146  2793163 
"524288"   0  0  0  0  3174138  3318675  3248798  3277824  3352865  3285528  3362113  2916778  2790161 

"Backward read report"
        "4"  "8"  "16"  "32"  "64"  "128"  "256"  "512"  "1024"  "2048"  "4096"  "8192"  "16384"
"64"   2203800  2444640  2006158  2923952  2892445 
"128"   2464907  3036502  3036502  3277486  3560017  3982553 
"256"   2692393  3810220  3810220  3557725  4132864  4197489  4132864 
"512"   3081897  4099771  3822466  4457157  4660280  4571003  4237291  5019764 
"1024"   3335105  4392454  4488860  4629166  4805258  4282950  5048117  5720477  5065980 
"2048"   3465352  4591569  4741090  5848244  4730646  4818211  4591569  5280246  5406535  4810117 
"4096"   3509816  4756587  4887857  5159420  4808509  5081590  5137819  5198450  4864330  5093643  5265366 
"8192"   3487304  4347789  5010310  4926264  4899570  5184962  5149219  5110162  4796296  4815791  4955393  4576535 
"16384"   4024612  4319587  4542293  4658693  4757383  4810332  4657114  4732809  4786543  4717539  5457909  4038567  3689278 
"32768"   0  0  0  0  4617809  4502385  5342039  5753760  5479627  4511697  4420992  4344136  3754772 
"65536"   0  0  0  0  5166411  5285930  5526760  4657541  5441423  4889255  5363910  3844886  3931612 
"131072"   0  0  0  0  12215  6391260  5530419  4784362  5660594  6015504  5637029  4624662  4552850 
"262144"   0  0  0  0  6151877  63689  6057621  5738704  27803  30267  5336818  4420790  2368311 
"524288"   0  0  0  0  27726  1476  1726  6502796  33720  6427941  6327472  4814882  4589235 

"Record rewrite report"
        "4"  "8"  "16"  "32"  "64"  "128"  "256"  "512"  "1024"  "2048"  "4096"  "8192"  "16384"
"64"   1933893  2358717  2133730  2067979  2067979 
"128"   2066432  2673584  2843510  2499332  2409592  2326073 
"256"   2533571  3123106  2699161  3159869  3285566  2849590  2413957 
"512"   2327124  2991733  3104171  2860238  3504346  3905895  2891043  2509312 
"1024"   2640123  3170172  3631168  3239514  3655895  3301774  3151562  4339202  2467229 
"2048"   2367804  3807923  3751381  4358590  3777778  5689430  3358321  3074635  2941954  4653758 
"4096"   2693273  3945943  3775126  4128976  3565171  3706707  3879120  3727618  3000952  3036489  2767908 
"8192"   2527602  3238183  4091513  3799676  3580330  4404639  4029614  3540122  3251975  3101953  2998544  2961585 
"16384"   2605595  3446346  3588146  3680978  3819912  3880525  3505236  4510985  4854508  5870546  3032391  3054904  2722554 
"32768"   0  0  0  0  7181541  3811099  6352971  6035752  5934117  5924397  3125828  2331220  2942022 
"65536"   0  0  0  0  4296054  7253517  6466375  6139805  6035196  6093528  5765443  2928444  2915307 
"131072"   0  0  0  0  5562426  5819997  6070705  5309762  5462933  6169212  5716392  3445733  3108479 
"262144"   0  0  0  0  6721273  7347476  6031568  6177385  5679154  5736697  5546987  3370586  3153121 
"524288"   0  0  0  0  7081817  7159868  6236916  6201719  6262778  6056717  5969623  3444958  3145740 

"Stride read report"
        "4"  "8"  "16"  "32"  "64"  "128"  "256"  "512"  "1024"  "2048"  "4096"  "8192"  "16384"
"64"   3791156  4274062  3958892  3738358  4018152 
"128"   2969325  4934216  4267461  4407601  4596273  4596273 
"256"   3159869  3950402  4755158  4652146  5810112  5455847  4755158 
"512"   3122224  4262523  4271001  6086873  5951911  5019764  5509113  4660280 
"1024"   3556008  4079544  5200941  4741598  6441107  6208343  5917516  6874084  5925680 
"2048"   3160613  4897882  5197183  6080053  5507054  8678404  8498106  5293261  7013303  5489457 
"4096"   3382659  4746074  5587302  6120790  5761565  5625724  7185807  6575257  9081201  5527974  4824714 
"8192"   3417585  5188093  5736369  5708730  5534924  6395120  9227049  6370221  6522590  9286903  5531360  5050076 
"16384"   3145372  4081503  4343614  4725649  5281723  4804951  5266342  6965419  9204562  8586923  8075328  4255654  3666054 
"32768"   0  0  0  0  6755149  4554305  6288441  6360321  6446538  7826014  7878954  4218402  4062538 
"65536"   0  0  0  0  6019074  6541160  6283525  6258204  5902492  4873652  7140649  4527511  4139178 
"131072"   0  0  0  0  5899945  6318247  6270754  5785331  6058328  5923084  5725620  4889986  4437852 
"262144"   0  0  0  0  7042697  6691616  6406260  6456405  6324491  5891656  5633153  4700860  4453919 
"524288"   0  0  0  0  7238943  6830838  6479725  6543372  6516458  6293356  6400923  4707329  4470542 

"Fwrite report"
        "4"  "8"  "16"  "32"  "64"  "128"  "256"  "512"  "1024"  "2048"  "4096"  "8192"  "16384"
"64"   1526887  1780008  1780008  1780008  2133730 
"128"   1710838  1967960  1802755  2286447  2248149  2377579 
"256"   1967260  2049885  2223962  2563818  2692393  2205688  2419396 
"512"   1778004  2114069  2180616  2237414  2452009  3366987  3849877  2535981 
"1024"   1882266  2133821  2398343  2240689  2316837  2381058  2681328  3083680  2958362 
"2048"   1785550  2248199  2356760  2605532  2340705  3901313  3843705  2662880  2202092  2589040 
"4096"   1830994  2138979  2317906  2605455  2308872  2245498  2574609  2732251  2382847  2155890  2514321 
"8192"   1747803  3585187  2426397  2252978  2154106  2300494  3568061  2480882  2361525  3379600  2318188  3091348 
"16384"   1584829  2631135  1882116  1933700  2778362  1959561  2597323  2858332  2643483  2746603  2952019  3107677  1868402 
"32768"   0  0  0  0  2836553  2433202  2801171  2873079  2449027  2431953  2021345  2160181  3040294 
"65536"   0  0  0  0  2545877  2884106  2839888  2860337  2511727  2358863  2316325  2346760  2540865 
"131072"   0  0  0  0  2660596  2647437  2772318  2564305  2432625  2339607  2259823  2218440  2289830 
"262144"   0  0  0  0  2805507  2848986  2774157  2883021  2412406  2274256  2205353  2165459  2197042 
"524288"   0  0  0  0  2916631  2882192  2859726  2908780  2525714  2324949  2222237  2151269  2176697 

"Re-Fwrite report"
        "4"  "8"  "16"  "32"  "64"  "128"  "256"  "512"  "1024"  "2048"  "4096"  "8192"  "16384"
"64"   1392258  1722886  1933893  2561267  1892980 
"128"   1543594  1778862  1967960  2027414  2453642  2132084 
"256"   1445521  1884399  1802167  2266207  2170027  2692393  2135500 
"512"   2065273  2317080  2357784  1947291  2265742  2782414  3822466  2438090 
"1024"   1765437  1818510  1996910  2753527  2900425  2942149  2723840  3923040  2485792 
"2048"   1726687  1851755  1950570  2007554  2968386  2113246  2140097  2575842  3199462  2282853 
"4096"   1588697  1892721  1856920  1905950  2027648  2074912  2132077  2426601  2332698  3056478  2211675 
"8192"   1958399  1928501  2090796  2014193  2146704  2177036  1950506  2411581  1963996  2102695  2850293  2343805 
"16384"   1803575  1995408  2575711  2247144  2156391  1920943  2270831  2162022  2027972  1881910  2013533  2711276  1946793 
"32768"   0  0  0  0  2417197  2136673  2034029  2550843  1957462  1768390  2376734  2345262  3398101 
"65536"   0  0  0  0  2604988  2507122  2473796  2753272  2358519  2331908  2153661  2102255  2384523 
"131072"   0  0  0  0  2780422  2807457  2666558  2805652  2329337  2153348  2131085  2175210  2228015 
"262144"   0  0  0  0  2834327  2642448  2742117  2775599  2395232  2282433  2222161  2168538  2212916 
"524288"   0  0  0  0  2937664  2859053  2890611  2903806  2490372  2315873  2238622  2112353  2168593 

"Fread report"
        "4"  "8"  "16"  "32"  "64"  "128"  "256"  "512"  "1024"  "2048"  "4096"  "8192"  "16384"
"64"   2923952  3588436  3791156  3791156  4018152 
"128"   3468030  3895854  2660335  3982553  4104338  4717434 
"256"   3935921  3454704  3935921  4054829  4332998  4840911  4840911 
"512"   3934520  4701087  4701087  4163357  4571003  4871723  5019764  4871723 
"1024"   3923040  5682634  4488860  5169641  4810640  5630486  4989473  5310258  5451810 
"2048"   4310472  5095447  5068389  4900677  5403134  4886737  5095447  5212953  5238385  6041567 
"4096"   4334185  5306022  4904602  5353976  5119446  4952675  5063617  5025108  4893426  4807163  4988629 
"8192"   4158362  4778952  5347148  5075439  5336352  5091232  5257958  5309142  4956108  4870401  4586921  4273171 
"16384"   4552524  5202944  4658693  4787877  5045925  4753434  5538853  4052380  4692092  5055205  4469325  3810169  3665467 
"32768"   0  0  0  0  4651252  4850192  4803910  4503566  4982957  4497376  4418576  4114469  4401313 
"65536"   0  0  0  0  6731955  5198753  4982126  4982939  4929324  4754208  5426492  4304800  4120934 
"131072"   0  0  0  0  50536  5792524  5875543  5255700  6175102  113143  6131711  4484332  4517421 
"262144"   0  0  0  0  111106  6534179  111743  105877  73266  6358064  6160978  108441  4532390 
"524288"   0  0  0  0  70890  53438  18910  112147  6406798  6141497  112770  64665  41705 

"Re-Fread report"
        "4"  "8"  "16"  "32"  "64"  "128"  "256"  "512"  "1024"  "2048"  "4096"  "8192"  "16384"
"64"   4018152  4274062  4274062  4564786  4564786 
"128"   3759450  4557257  4934216  4759253  4889281  5325799 
"256"   4350555  4755158  4572895  4840911  5117791  5687020  5687020 
"512"   3849877  5164632  5227492  4784885  5278892  5684095  6156675  6319739 
"1024"   4589593  5564829  5226256  5885083  6650556  6830356  6364746  6609617  5885083 
"2048"   4842658  6132138  5461535  6363830  6759439  6340344  5640860  6075753  6378005  7213548 
"4096"   5026578  6198078  5828019  6401308  6625976  6261328  6216019  6272759  5744227  5885924  5649775 
"8192"   5016894  5194368  5966469  5970616  5479317  6253130  6077276  5859631  5309142  5194368  4929091  4251492 
"16384"   4257763  6736671  4533603  4720131  5257880  6590654  4624520  4142521  4575257  4976857  5696807  4490939  3676842 
"32768"   0  0  0  0  5585177  4703301  4876176  5746543  4621691  4417866  4412051  4972320  3936972 
"65536"   0  0  0  0  5916976  5390840  4947601  6305724  6323421  5305621  4840609  4458554  4671155 
"131072"   0  0  0  0  5180520  6668248  6034057  6372295  6407200  4670631  6300290  4947059  4495369 
"262144"   0  0  0  0  5299469  6813909  4487842  5264453  5163994  6525686  6407977  4174734  4670885 
"524288"   0  0  0  0  5775947  5472619  5392250  5442119  6566800  6556208  5345247  4276235  3990382 
	